100 1800 2800
100 3200 4900
200 6000 10400
400 14100 27100
500 20900 45900
500 33900 76700
500 42800 92400
600 62800 129600
600 77400 155800
800 99100 230200
700 101900 204300
800 129300 278600
1100 166300 320400
1000 216700 370900
1100 235800 402200
1100 256700 502600
1400 275200 543500
1400 299200 606500
1600 315000 440300
1600 378100 573300
900 235000 465400
3500 445200 790600
1800 438500 899200
3100 336500 653800
2000 318800 631100
2000 345000 682100
2200 387800 738800
2200 400100 796800
2400 428100 853600
2400 460300 917700
2500 504600 978500
2700 520800 1042700
2100 565200 1125300
2500 605500 1181700
2600 679500 1262600
1500 748200 1514700
2800 1099900 1394400
2500 739700 1478000
2200 780000 1565800
5600 1352300 1610300
3300 854000 1702400
3400 901900 1782400
3100 934200 1873400
3000 988600 1987700
2800 1048100 2211900
2800 1103200 2324700
3100 1157700 2254100
3200 1195200 2368800
4000 1232600 2531400
3700 2161800 2518300
2700 1305400 2623300
2700 1371400 2748300
2800 1422700 3009000
2400 1484700 2960800
2700 1537200 3091800
2900 1591300 3230900
2900 1841100 3317600
2900 1700600 3425400
2800 1760700 3609900
2900 1830400 3652300
2900 1951500 3857400
2800 1950700 4456900
2700 2356200 4805100
2800 2164400 4290600
3600 2149200 4325000
5300 2228100 4659300
5500 2357400 4607600
5500 2356300 4710700
5600 2406700 5116600
5700 2503900 5004100
5700 2630300 5204100
4700 2655600 5264800
6000 2685300 5704200
6100 2781900 5568000
6100 2899200 5730800
6200 2937700 5850600
6200 3873000 6098800
6300 3090200 6338400
3600 3372800 6370100
6500 3289300 6550500
6600 3353200 7135000
12300 4219000 6763900
4100 3642400 6968000
3900 3586700 7671400
4500 3681200 7397200
3900 4247200 8623100
3600 3923500 7888300
4700 3938100 8401200
4500 4067900 8120900
7300 4261100 8299000
3800 4368600 8634000
3800 4360500 8764000
3900 4425800 9809500
3800 4514000 9273800
3900 4615500 9416500
4000 4713800 9949700
4000 4826500 9782300
7900 4919400 10247000
7200 5110500 10960200
8000 5035600 10785000
4300 5763800 11265500
8300 5507500 11059100
5100 5412000 11354800
4200 5535900 11591800
7600 5633800 11821500
5000 5846000 11733300
8600 6166000 11972500
8500 6169300 12252400
16000 6772500 12545300
7900 6552100 13046000
17000 7014700 12831600
9100 7189800 14659000
16200 7169800 13406000
8200 7386400 13756800
9200 6822500 13856700
17400 7332400 14253600
8400 8173400 14410300
14200 7708700 14720400
8600 7782500 15097900
4900 7458000 15141500
13200 7959100 15934100
8900 8087200 16408300
5100 8389500 16344400
6900 7958600 16293600
13500 8735700 16459600
9000 8718400 16717900
15000 8934600 17063100
9200 9155100 17268100
16200 9026700 17789200
8500 9854700 18097600
9400 9419400 18045600
14000 10016200 18523000
9500 9735000 18833900
16600 9833400 19410000
9800 9603900 19442700
14300 9610300 19734300
17900 11585500 24462900
17600 10476800 20518000
16100 10652800 20712400
10000 10604000 21258400
18900 10868100 21394000
10200 11019900 21481500
20400 11302600 23161700
10400 11630300 23115400
14200 11640500 22404300
14100 11434900 23068700
16500 11499200 22960100
10600 11886800 23157800
14800 12013500 25384000
10900 12247200 24190400
15100 12202300 24287700
10900 12808500 24661100
14600 12451600 25094000
11000 13155400 25347700
17100 13713500 26160700
18500 12975600 26191800
11200 13110200 26346700
18900 13704400 26738000
11400 13526100 27072700
11400 13733000 28720600
16700 14141300 27770700
19400 14462200 28570600
11800 14047700 28272600
19100 14554600 29129600
11900 19142100 29707700
11900 14500100 29365200
17600 15049300 30501900
12200 14952800 30039500
17500 15424700 32080400
12400 15991700 30867700
21600 15457500 31382700
20200 15867600 32098200
12500 16092900 32658700
22800 17398800 32577100
20100 16097600 33071900
12500 16804800 33439300
24700 17155500 34065200
24200 18153300 34630400
13000 17495700 34631300
17600 17311100 34920500
12900 17427300 35441900
7600 18043300 37260500
13200 18113200 35828500
19700 18410100 40125000
13200 18647800 37070500
25200 19163100 37391400
13400 18991800 38197200
13400 18942700 38304600
13000 18817600 39943600
13700 19527100 38841400
21500 19356800 39592400
13800 19786300 39593500
21900 21238000 40880900
13900 19935400 40619600
20900 20888500 41432800
14000 20663500 43083900
22700 20844500 42314700
14300 20782500 42901300
20100 21507300 44159100
8200 21545800 43358500
14400 22337900 43904700
19600 22006800 45226400
8500 22101200 44222100
22000 22632800 45477400
8600 22059000 47182400
14800 22567800 45818300
26400 22607700 46590400
14900 22884600 47984400
21600 23732200 47570400
14900 23938000 47903200
15200 23482800 49626800
29200 24669000 48998700
15300 24388100 49636700
18300 24716700 51523400
15400 25029000 54205200
21000 25193500 50880700
15600 27502500 50809800
26100 25493200 52294000
15900 25446700 54605300
22400 26157600 52549500
15800 26253600 52961700
31200 26845700 54776900
16000 26282100 53859300
16100 27530600 55165600
14900 27440700 55445700
16200 27897300 55806800
32000 27583300 57004400
23600 27900300 56665700
16500 28434900 58678600
24700 28740600 56952900
31200 28544700 58000800
16600 30389700 60192500
23300 29030500 59161100
16800 29572100 61001200
16800 30007400 60486800
16900 29844600 61992700
26600 30269600 61112200
17000 30135800 61142800
24800 36199200 62445800
17300 30837000 62385200
21500 32070300 63141200
30200 31372400 63564900
17400 31386100 64911700
17500 31518000 64548400
17500 32199200 65973800
33500 32239200 65705200
17700 32599300 67464900
26700 32730300 66614400
17900 33083000 68380800
24900 33615700 67751800
26500 34603300 69526900
18100 34101100 68350200
18100 33968900 71641200
26700 35267600 69997900
18300 35947700 72154100
22300 36253400 70693400
13600 34918200 73062600
14700 35070800 71851800
18600 38369200 74512900
18700 36275900 73177900
18600 37657700 74611900
18600 36598500 75938200
30400 38712400 75250000
18900 37712400 76765900
25300 37787500 76156000
18900 37806600 78291200
33300 39177300 78340800
18900 38040000 79427000
29000 38570500 78771800
11100 39271200 80522900
22800 39438200 82823200
19600 40158400 80878100
19200 40102300 82912200
19800 39984200 81558300
31400 41020100 83017600
19800 40312700 86543300
30700 40916200 83853200
19900 41555200 84950700
34100 41448000 85004400
11600 43072600 85286400
31800 42037300 88765600
20400 42595200 85969400
20200 44402100 87320400
18500 43008000 89141100
20400 43432100 88359300
20300 43550000 91006800
35000 43950000 90968600
20700 44262200 89618000
20600 44653700 91989200
20900 45003100 91279500
18000 46111900 96839100
12100 45350800 93689300
32400 45565600 97295000
21200 47690000 93618400
14900 46085900 98252900
21100 46732800 97586000
34100 47155300 96009900
21300 48756400 97082200
32200 48192000 98172500
12300 48127900 98518000
23100 49714200 99147000
21600 51218700 100565600
35800 49352100 101788500
21700 49104900 101139700
33700 51951000 106385900
21900 49987900 103637500
26900 51111100 104696200
22100 51940000 104869300
16200 51325300 104109700
22200 53114500 104842700
35700 51779600 106709800
22300 52928500 107189700
24900 52052200 107073500
38900 53817200 107350600
22400 53025300 109164900
22500 52867400 109953500
22800 53630000 109403000
19900 63038600 109743100
22800 56298900 110305200
35500 54964800 112452700
22900 54981400 113257100
22900 56975000 114269700
29500 56674800 115687900
23100 57873900 113710300
23200 56609400 117378800
23300 57735800 117789000
36300 57256600 117520000
19000 58012300 118281600
32700 58419900 123586300
33500 59965200 118524700
38000 59223100 119146700
38100 59591900 121256100
23800 59244300 123107300
23900 59959000 123252200
40700 59768600 124803100
23700 60506200 124657500
24200 60488200 125674700
33600 61293400 123892200
24300 63066300 125040400
24200 63095900 128654000
24400 63564500 126287800
13900 62717100 127630300
24400 62994600 129446800
24600 63773400 131445900
24700 63673700 131022500
24800 64069200 131249000
24800 64328900 133063500
37200 65657500 133464000
25000 65523800 133486200
37300 65797800 136721800
25100 66872000 138210900
25300 66210500 135842200
14500 66447300 137524200
14500 67560300 137024600
14500 67358500 138594800
25400 68145800 138844100
40100 67833400 139982500
25600 68522600 140244500
45400 70064000 141675700
25700 69203100 143411100
25800 69970400 144428900
36800 70008800 144837100
42200 70287900 145594000
36600 71072200 145958500
37300 71822900 146536100
26200 72609400 148044300
26100 74364800 150262400
39600 73341400 148146900
26300 74087300 148660900
43500 74331900 148491300
22500 75205200 151098100
26500 75325100 151627500
26600 74341800 166432300
47900 78820100 164399800
48600 77284000 185210200
39200 85452600 168007700
27200 102523000 186926900
21500 107216600 208176900
37900 100772200 171297000
36700 79195400 181166000
27500 84916900 160566600
27300 78868400 160847600
27400 79850200 160700300
38600 80558900 162688400
27500 79263100 166688800
20200 79728400 163562400
36400 80495000 164653700
27700 86307800 167298900
28100 85503500 177089800
42600 83244300 173548600
39700 95725600 220466300
30100 91152000 174750500
29100 97909700 200906900
28400 88939700 170292500
48400 87738100 172223400
48400 84430000 172828000
28400 84775300 175409500
47700 92814600 176373600
47300 86494900 175049300
28500 85701700 175614100
51300 88545400 180172600
54300 89322500 176590100
28700 88011500 179450300
41300 87467800 178901800
28900 89674300 178677700
28900 88994200 183021600
41900 88745100 181861100
29100 91080700 185279800
29300 90580100 182555100
42000 89966000 185701400
49200 90794100 186657700
29500 92188500 186425400
58300 91710100 189463700
29600 93181500 185838900
40200 93919900 195585600
29700 92222300 189543900
49000 94962200 192481100
29800 93387400 192710000
47900 95031900 193999100
30000 95638400 193763400
30100 95855000 195907600
30100 96238700 196910600
50300 96679200 199245000
30400 97336200 196453900
24200 98319200 197358800
43700 97819000 201234700
29800 99532000 202345700
30800 98282200 199966200
53800 100169600 209411300
30600 98855000 205750200
30900 100403100 206940600
43100 101145500 206403200
30300 101808000 206889700
31100 100202700 208262700
25600 103336600 211403300
31100 103736800 209624300
31100 103030500 208867200
52800 102750500 211690500
47900 104082200 214043700
48800 105847800 212681000
18100 103747300 213420000
31400 108097600 216158900
31600 104549800 216015000
45600 107816300 221393400
40000 107516700 218685700
32000 107197000 218393000
53000 107614400 220433600
32000 108551600 225447300
32100 109441100 220626800
55400 108826800 225950300
32200 110098800 226065700
32300 109774500 224622000
52800 109579500 225747200
32500 111408700 229210600
52400 112099200 228345200
18800 111285000 230522400
32600 113167200 228670000
43300 112990900 232029700
53300 111981800 233313000
42200 118315000 232466800
33100 113282100 235955300
32900 113471200 233556200
33000 116768700 238049800
33100 116024700 235614700
33000 117888000 239954700
71800 121137800 238580000
33200 118192000 240038700
52800 119713500 239965300
33500 118297800 241674400
46800 120595700 243487600
33700 119214100 245077200
33600 118604900 244934200
33600 120365300 245817800
49400 121103200 247272100
19400 124917200 248723700
33900 121653500 249196000
34000 124355800 250032200
34000 123701900 250362000
34100 124584200 252201200
56900 124705300 253461600
34400 123988400 255263700
19600 124912400 258473200
54400 125575300 260173600
34700 126037300 258528200
34500 127280100 257313000
51700 128474700 261645100
34800 128306100 263329100
34700 129946200 262069600
34800 128455100 264623300
43900 129012700 265829900
59500 129115800 283389200
58800 132321100 358738900
35300 176162600 276741900
68000 179633800 272452300
35200 131505900 268349500
35200 134084100 272012200
35400 138117600 271253300
35300 134041400 272462300
35400 133342200 271714200
43500 135606500 273128900
57200 136343000 280944100
20500 136548500 277343100
51800 138341200 279946500
52900 137169000 279813400
36000 138743200 282245800
36200 138955500 286527100
59400 139076500 282125900
36000 140387000 286813300
36400 141000300 285609400
36600 138611900 285039600
45700 140192800 292143600
36600 140117200 288728500
46700 145400600 296354000
36600 144464100 288944700
36600 144065500 292058400
29400 147182500 300036000
41600 162745800 294356400
49900 144683300 298669000
58700 146501800 294430200
21100 145634900 303354500
48000 146941700 298221100
37100 149274300 297885000
29800 147460800 300686500
37200 147090000 302855500
37200 153404000 301537500
21500 148930800 301298200
37400 150624000 304714200
63800 149460700 308144200
37800 150299000 307296800
55600 151590100 307087100
50300 152314600 314668400
35000 151540600 310036600
51300 154390800 317555300
54400 154825000 313219500
38100 154383800 313581100
60200 154598400 317691600
51100 155569700 323116300
38400 159780000 316953600
52900 157766100 319001900
38400 159539600 326552400
38900 158985700 322385000
30000 157410200 327418400
38700 160992100 323963800
38600 160028200 327741900
38800 160067800 326368600
50600 160249100 334457900
38800 162244300 327688900
51900 162153000 332204800
50000 162556000 328958800
22400 163285000 337118700
63100 162469000 333843800
39100 165538100 335304900
22500 164196200 336726700
50500 168159700 342197800
36300 166002300 339484100
39600 168389100 346365200
49100 168101100 341438100
53600 170319800 340728700
39700 169484900 345640500
40100 169110000 343199800
57900 169389000 344443600
39800 169981100 350727300
57900 172413000 348709800
40200 172373300 349558400
22900 172663300 350173900
50400 173404600 355167300
40300 179378800 352043500
40500 173202300 353770300
58400 173310700 355304500
40700 178586000 355610600
40500 175421900 357266100
41100 181370700 359627800
50700 176989600 365714600
40900 178881700 361504600
41000 177733600 361156900
46800 179598400 363619200
27900 179257200 365396100
41200 179488200 366236000
53500 180782400 366218900
41400 180666000 367648400
51500 184875900 372601400
41500 181453300 370859100
41300 184045000 374781700
62400 184945800 380808000
41700 185340600 373048400
23800 187212200 377631100
36600 186427300 382083100
54800 186215500 381603900
48500 188198500 380427700
44600 186864600 382907300
61200 190993200 391409300
34400 190431700 383791100
42200 189825500 385841900
56200 190787300 389122400
42400 191333300 395372300
42500 190952100 389126600
59200 193932800 394602100
42600 192354400 393843800
42600 194543100 395239500
42600 193750100 396091600
43800 194867300 394645800
60500 198787200 403076300
43100 195718200 398350800
42900 197546300 397724800
69700 197431400 402740300
62100 199617000 406476700
43000 200103300 408740700
54900 203036000 407079900
25000 201133100 411233600
43200 201029300 409688500
31300 201568500 410821500
29600 204650000 412173800
43500 203560200 416068300
57900 202853000 415284400
58600 204278000 414923400
25800 205869600 419418700
43900 205116500 419351800
65700 206899800 422144900
43900 207297700 423599700
44300 206482400 421482600
69300 208837500 427620900
44300 208315800 423583900
61400 210845900 429061100
62400 208583000 426751400
25500 210115600 427455400
60800 215434000 429562700
51300 214730500 436212400
44900 217471000 430665300
54300 214099800 432694500
56600 214857000 439981600
45000 218584100 439121900
59500 217158200 443133000
45500 215580100 437649800
44900 217166800 445982100
45000 219627600 445480000
45300 218950800 442163000
45300 219334000 448532500
45200 222701800 446147100
45500 220789000 449896200
55700 221884400 452921600
56800 223284200 450651000
45700 221871700 454637800
45600 224383100 454918000
45900 229308700 459532900
62300 225805600 455995100
46100 229028900 458341500
57300 228607700 460904900
36700 228901300 459307600
46000 231933200 463617400
33900 229267000 465946100
35100 228852300 467328000
46300 233921900 468333100
46600 230702400 476833000
63800 234505500 473277600
46700 231863500 475982100
56500 233828800 473544800
26700 233566700 479986000
46700 236293000 478288200
46700 234850500 475188600
46800 235932800 486541300
47300 236865200 478576400
64900 235781700 481059700
63700 239245300 488956300
47100 238334700 485258900
72200 239471300 487551900
27300 247055900 489210800
47600 239891700 493055200
47600 242903100 494058000
69000 242708300 492366700
46800 241301300 490210000
55200 244664400 497613400
55700 244408100 497538500
48200 245400200 495050800
65300 251898700 500009500
48100 245001400 497738500
47900 248228200 504146900
64900 251860500 505047000
62100 250481000 503785100
48100 251534400 509834200
48500 248439700 510778600
66000 250062800 507075100
48600 258624700 513898600
27800 251130700 512347300
70000 254006600 519138000
35700 253421700 514173200
49100 254281700 517320400
61900 257093500 523649700
28000 255735700 523723500
64800 259581000 519019800
71100 259343900 521135600
49200 259454400 524669500
62900 261090300 529175800
38800 261832900 527933000
49300 264677700 530636100
66200 263928100 532302800
33200 261667200 533196000
49300 263996500 541224200
49700 264115600 534784300
61600 269266900 535361700
49600 266518000 540541300
49700 266045000 538269900
50000 269035300 546441900
49900 268957800 546527000
50100 271442900 545061200
50500 271536200 546974000
50100 272882500 549669400
65000 271483000 553530200
58200 272519200 553813200
50500 273425800 555952200
58700 278870700 556456100
50600 273346700 555679300
50700 273365300 560955400
50400 277614300 555788200
57000 275417200 559727100
50900 280193100 561446800
48700 279015300 564005400
51100 281496700 566727200
51000 278734400 568064900
51500 278605200 566653000
64800 280405500 572331300
51200 282449900 575028700
70600 281916900 576140200
73700 284669900 574738000
51300 289951100 575699500
51600 285504700 576209200
52100 285910400 582017700
51400 286661000 578099700
70400 289095100 586367600
37300 290396200 588553900
52000 288018600 588372100
68500 289689600 589136400
58000 292188300 590352500
73000 292046400 593055800
61400 292615000 590471800
43800 296465900 602739600
52700 296856300 595252300
52400 296402800 595546000
70600 298287900 596095800
52500 296901800 603770600
63200 300268300 604236000
52800 301229300 606210800
52400 299926000 606378200
53200 299778700 607041400
153000 301687500 611192600
53000 301286400 608376500
39700 304333400 620008500
66600 302079200 615025000
33700 302597800 626475200
69400 305719300 616924000
71300 304041100 617477500
53700 311293000 619107800
60800 305262800 623106400
43200 308046100 627887400
53700 306603700 624391100
70500 310291900 631993900
53800 309780900 626173000
53600 312136700 638077600
54000 314199300 632296300
69700 312487600 639891900
31000 312066200 630912400
73100 315435500 644439900
54600 316392900 638015100
54500 316231800 641749900
72800 321726300 643692900
67000 318446500 646231100
54600 320427400 642007600
67000 319177300 648325000
54700 324809900 647308000
54700 321807300 650726100
59600 330023200 654707000
31300 325411600 652829900
54700 323985200 660131200
60900 322745000 654356100
65200 329236400 664164200
31500 327192100 660834100
71200 329968900 667348600
80800 327691200 670091700
55100 328948500 670329500
53700 328378400 667462600
55600 330378300 675572100
55700 331656500 668980600
55600 333102300 672806700
61300 337151800 676960700
55900 331241300 678980900
75800 333534900 677239700
73600 334585000 688613900
56000 335189200 680941300
56200 334961700 686707400
56200 338355400 683905800
55900 340959500 687489100
60800 339699200 686513700
66500 342475200 690152500
56600 339957900 689960200
75000 348042400 690757300
66900 344218700 696078600
56400 346160600 696499900
56900 345214000 699794000
67800 350150500 701173500
57200 345757700 700661700
78800 349249300 704313800
57000 349534900 708411600
57200 347980000 708715100
65900 351616700 707153000
57300 351049700 707227700
57300 352456800 718330100
65700 351760300 713555600
57400 351975800 715037200
37400 352762400 721870900
56300 352576800 719059400
74400 354786500 722097200
57600 355875500 721680900
63800 359674800 727775800
58300 359301700 724293400
57800 360487200 728646100
65000 363726200 727019000
43700 360098800 737710500
57800 364710600 731875200
58500 363154200 734535900
33500 364453200 734076200
33200 365783300 742168300
58400 364393600 739696600
70200 365932100 742379800
58500 365444700 746100700
58600 370478700 750658800
58600 367896400 749331500
58500 370194300 747268500
39900 370562900 756237500
67400 371437900 752282600
58800 372547400 760688700
77900 372687700 758117500
59400 375190800 764685100
59500 376479800 759386600
59300 380185800 765535200
59600 375213900 769521200
59200 377939700 764836300
82100 378335600 776151800
59500 383206200 771053900
59600 380736800 771956000
65900 386452300 772560500
59800 385517400 775405200
45100 385485600 781644100
60000 382897300 775739000
76700 384561000 781097900
34100 385533200 786097100
60100 388682900 787613700
80200 385268400 791376800
60300 388704300 792599800
44800 389375800 796208500
67000 391237600 791237100
60600 392825000 794677300
61000 391221900 797181900
60800 396514200 796914700
60700 395627600 805692300
79200 395517800 802116600
80900 399880200 810036600
49200 400770500 813169100
37900 399125700 807578400
61400 401310700 816664400
61100 403095100 812779300
70500 406843200 814444700
77900 407171000 821358500
61300 406224700 819207600
35100 402778200 821845000
47400 404661800 823883800
61200 408664800 831171800
75700 412019100 831390100
61800 407629900 826887300
61400 411902100 838639900
137500 410347000 831783700
87700 415717200 833730200
61700 413789000 839030800
79300 414273700 839201500
62100 413419300 837601400
62100 416517300 842876100
62100 417662900 845227400
62400 419019300 850689600
37800 419547400 847611100
52800 421072800 845937300
63200 418157200 850720100
62300 420127000 852884000
62000 420639200 859019100
53600 421649900 851559000
62400 424452800 859844400
80900 425643200 863391000
73900 427688600 865704500
62800 430931400 867541300
63800 428847700 867769000
63200 428171000 871973700
62900 431989900 870238000
63300 431864600 881207900
45200 431022600 871943600
63200 433689800 869566900
36800 436889300 881580100
79300 433976300 880944100
62700 438755700 884364900
78700 437978400 889880300
64000 436521800 886129800
63500 439132000 889574200
50000 444841100 889912600
65000 440021500 892748500
64400 439562200 892008300
44000 443891900 910601800
90400 442778400 899143600
36800 442675800 903868300
64500 446518800 906633200
64400 446377200 907248400
64500 449136800 913674400
64600 448768600 908466600
119900 449955700 909534200
64700 451628500 918469900
56500 449491300 916343600
64800 453719500 912104900
64900 455861400 919794100
78100 454292300 919683800
67000 456326100 924470900
64800 453297800 922602800
65700 454856700 929744800
65600 458090200 928853000
65600 461110100 937295600
69100 464483900 933479100
65400 465519400 935052800
147500 463571300 940233400
65500 460486500 937577700
86900 464150800 947584900
65900 465372600 947901400
65700 471097800 939220400
77500 466878100 955888600
66000 467920800 945824800
83500 473162800 947890700
65900 467932700 953004800
65900 472982200 963920500
66300 472415400 955730700
84500 478458300 965731400
48600 475520300 967224700
82000 477414700 963367600
66600 480528400 967237700
66900 477452500 969882000
66700 480206300 974685900
68500 480385500 977174200
67200 483208300 971915300
68000 480530300 973052600
80400 487994800 981039000
67500 482701900 974224300
76600 497484000 983252000
67200 486310200 989275900
92400 486030100 983043500
83400 495072100 986770700
67400 486030600 987254200
67200 494343400 995226100
80900 494679100 996808000
80500 499289400 999314700
68000 489868900 1003719200
72800 495531000 1002316300
86400 495963100 999938500
67600 505257700 1004953100
80000 500719000 1014691700
79300 498563900 1005974000
67800 504138700 1024628000
70900 511267000 1015274300
68300 499697000 1021689900
68100 506535000 1021704700
72700 506162800 1021792400
73200 513997100 1026460400
68600 504783400 1022794700
86400 506780500 1028013300
68800 507817900 1025082700
68800 508779600 1026566600
102000 507581700 1035274200
71400 509541900 1036113000
68900 508465900 1039775200
103600 511596200 1038289900
73300 516905200 1039593200
69300 520361300 1047857000
69400 518713200 1046581900
69800 514745500 1042767500
69500 515617500 1050933200
70500 517701700 1050371600
71600 519152200 1056768400
69600 525225300 1057442900
50000 519333800 1056324200
63300 526224800 1065031300
70000 525885300 1069203800
70000 523216900 1066947600
84000 528097800 1065406700
70400 530355100 1065217300
84600 534255600 1073814500
80300 527818200 1071718800
70200 528324000 1082597700
70500 531090400 1077884300
70400 532653200 1083335800
40200 539706000 1088143200
46800 536357500 1089981700
76200 534761500 1088693300
70700 554765300 1089010700
41000 539562000 1095907000
70800 543810200 1094296600
70900 540262600 1096325400
85600 540322300 1100882600
71100 549667300 1110564500
41100 545826500 1104550000
51600 552000500 1101618400
85400 546031400 1103152500
40800 550599200 1116816600
54300 549520200 1115224100
73800 549580500 1120909900
71600 553877900 1115464600
84100 549595400 1119313800
71800 553615800 1123203500
44800 550713200 1125585600
87400 553471100 1135810100
76200 563147100 1132414400
72300 557428400 1129453800
74000 565687100 1127810900
58200 560878400 1138257500
72200 560183500 1137967700
61000 562789100 1138615900
96000 564822900 1147785800
116700 569833500 1144160900
75400 566024000 1141533300
100500 572286300 1149159500
73000 567540400 1160344100
72700 567399200 1158803200
73600 570955700 1152818600
73400 571329200 1167677600
82300 570189200 1153813000
41600 578013500 1155751700
72700 578455400 1164430100
88200 578014200 1164572300
72800 577203800 1170924800
73200 580878100 1173375400
73400 578621000 1180757600
75400 580310900 1189144300
82100 580838800 1177247900
88600 584976800 1174724900
74000 586853200 1180787400
119200 588014600 1187347200
73300 585625500 1186199700
74900 586220000 1190783000
75500 588973800 1191003500
82400 590733200 1194104200
74100 590515600 1194455200
83900 594633700 1196992400
90200 599899300 1204863800
90500 597715600 1208598800
74300 594858600 1206410200
148600 598407500 1208701900
74200 599335600 1211454900
74200 595861100 1208712400
87000 603024400 1213377400
75100 597793300 1221807500
42700 603594900 1216335200
50800 604125100 1214893400
74800 601556400 1214090800
74600 603301400 1227458900
91600 611740500 1226109900
75200 607371100 1237635700
75200 609178600 1229596100
123800 612304700 1240867300
75800 609368000 1242143100
125700 610600400 1240750300
86700 616953800 1239729700
75500 607998200 1242471900
75700 611703100 1246890400
76500 613599400 1245629100
98300 616810300 1255942200
76000 614254600 1249841900
56400 624170400 1246134300
81600 623559500 1252339500
43200 624474200 1257891400
76100 619502100 1257973000
92600 624134800 1322569400
77000 641308300 1273479000
85800 623684600 1271773300
76400 627316900 1281012800
122700 629542000 1278734700
88000 631622900 1277635200
59900 632222900 1282535700
77500 628722300 1276892100
76800 635709900 1283486700
76800 634252900 1284229200
76800 641500800 1290994600
93000 635889500 1288221400
88900 637258000 1300495200
44200 643067200 1293853200
236500 642527300 1306854900
115600 646377200 1311890900
84300 646439500 1311783900
77300 645845600 1306752400
77500 647606600 1313475300
77900 646172500 1310290600
45000 645807600 1311851900
77600 646783800 1319709500
78400 650567900 1314211000
77500 650808700 1322762700
105300 647934800 1319692700
78100 652489500 1330197300
77700 653116100 1329330000
78700 659653700 1335424900
78200 661115600 1338797700
79300 658309500 1335750500
78300 656843900 1340588900
44600 659810600 1352328600
78800 657918700 1336079800
89600 661492600 1344742600
78800 663328900 1349205300
78600 665418900 1345090500
85200 666163600 1359086600
78800 667338400 1366867900
79300 668192800 1365644900
79800 670338700 1366171600
78500 672650500 1370282400
79300 671466500 1370849500
79200 671116500 1382543300
80900 677058600 1367045000
59500 677517300 1376811900
79300 676035900 1384681800
64900 679721300 1385864600
113900 684296700 1382115600
100100 683724100 1381315300
122700 683992700 1384122500
83300 684917300 1383354800
79900 692988000 1388865300
80500 685635800 1389849800
79900 691093400 1385815500
82100 688048500 1389839000
129200 687897600 1393349000
80100 692463300 1396969200
79900 695186300 1404806900
81000 692002800 1413501400
93900 694105300 1417892000
80800 697067100 1412636600
81400 695372100 1411109100
91100 705127100 1419529100
80800 698714700 1416430900
81000 701139700 1419806300
59800 699918900 1425727500
80800 704213000 1424973700
81300 701759700 1437287200
81100 704851200 1431476200
80700 710811000 1443514800
81100 711170900 1434517100
80800 717901800 1441542000
110200 713226300 1438492300
74200 713986300 1451415600
68700 720361300 1454543200
81200 720689900 1453668100
81300 712711000 1444876300
81800 711941300 1452688300
81700 717957700 1462102900
81800 740703100 1464663600
111400 717355700 1460243800
111100 721672500 1474039200
82400 719126200 1463083300
82500 722062700 1471079400
82100 726435000 1463470100
46800 731218100 1498035700
59600 730831100 1476729400
81800 729103000 1491397900
82900 725560900 1492390000
82600 731167900 1487452600
82400 732641200 1479113800
89500 734671700 1501221100
82900 739170100 1489044900
95600 741403400 1504435600
85400 739992800 1498385600
98500 744183100 1500233700
83700 739708800 1510531500
83300 741020000 1510646200
93300 740910500 1519151000
82700 745010400 1509438100
82800 746265900 1515985100
84100 748097800 1511892600
83500 748540200 1511737300
84400 749135300 1518028400
84100 751643700 1522160900
83700 748538400 1525669200
84000 753844000 1526411100
83300 754227300 1530201700
96100 765299700 1543488000
88900 758358300 1530955700
84100 761506800 1533735800
94200 754575400 1537531900
84100 757099100 1545165800
84300 759665300 1547283400
84200 766143900 1544654800
84300 763749500 1550110900
118600 767515300 1547668000
84700 762513600 1560008200
84000 766686100 1561215300
84900 773158400 1556534600
84200 771978700 1567430200
84300 771202300 1574945000
97200 773388300 1568975300
114100 778631100 1581635800
86800 774656100 1579447900
90000 779575100 1584148300
86200 780343000 1577464800
84700 783677100 1585458900
54000 784278500 1582878400
49300 787801000 1595592700
86700 783523700 1587383700
90200 788068100 1595006500
65900 787257000 1606670500
86100 791965700 1600219600
100800 794565300 1611426700
89600 793245300 1614094300
85900 794583200 1817443700
88800 797085600 1626928900
96400 803410400 1609108900
86700 803284700 1610523200
103600 810529900 1633297500
91200 801890000 1622436500
86900 801432200 1621255300
86600 806974500 1630640100
91700 804847100 1636660200
86400 824307200 1651000500
86400 807407200 1641136100
94300 814453200 1640231000
86800 810955300 1646519600
86800 805570800 1651066900
86800 810862700 1643712700
87200 812324200 1650394200
97100 818403200 1650691200
87900 818441400 1656787300
87400 813863300 1660749500
92300 820492200 1658626700
87400 824231100 1656846600
87800 815537800 1662052300
87000 825288300 1665654700
87300 826109500 1665136100
61800 827273800 1678424700
87400 832356300 1687238500
87200 830787500 1676539500
50100 826940400 1678773000
104200 835871800 1682481200
65500 838550300 1687880700
68300 836038800 1689252500
98200 835114200 1688285100
100600 844517400 1699442600
50400 839826400 1704772300
88000 836368500 1700699600
87800 837291200 1707355600
107100 852771700 1700208200
88600 840193100 1714579500
88200 838754900 1715717200
88100 842206600 1716243500
56200 850870800 1720996400
151600 847578500 1720964400
50500 849003000 1720127500
92900 851497300 1720352000
89800 851763700 1727439600
89300 855077400 1736448000
88800 852824100 1739538100
88400 859647900 1739779300
89600 860974600 1737701600
108100 859060100 1741339500
93500 854715500 1733135200
89900 853949200 1740007900
89500 858110700 1748813700
95100 864853000 1746494900
89600 860098500 1758173400
77700 862989700 1756713000
100100 873885200 1758637800
89400 867367600 1756934100
102800 869118200 1767458400
89800 876566700 1764403500
90100 874252600 1776844500
65300 887082600 1775906900
89900 874969800 1782652300
90700 881785000 1784606100
90100 878880500 1786497100
96400 880283500 1792060000
90600 878826600 1783613000
67500 880595200 1785513100
90700 888506400 1790391400
95700 888415200 1797042400
92000 887167100 1807095200
91500 886342800 1810291500
75900 887021500 1798710500
64700 892646200 1803855200
63200 892278100 1802258700
80900 890927300 1819170600
101500 898024800 1810604300
139400 902224900 1823617300
91300 895234000 1819080100
101400 903132100 1817200200
91700 901794500 1818261500
92100 904204100 1830983800
91800 900868200 1830009100
91800 906117000 1849641200
105400 911868700 1852062200
94700 917210400 1854790200
91900 907538700 1853632600
91900 913579200 1855301400
93900 910862800 1858985400
96000 911545200 1858311900
93200 924198300 1857593400
59200 912613500 1857326900
164600 913143000 1856265400
93400 916653600 1856052800
124900 917817800 1865919700
102200 922055800 1872771100
93100 920014300 1871528700
93400 924995000 1870027800
103500 924354200 1881604200
92300 926633900 1882211000
62200 929210200 1889771100
102000 929614500 1883420300
94100 933206300 1882999300
92600 937089700 1888854400
112000 928246300 1896833500
71800 935017300 1900822000
92900 938920800 1911017600
94100 945638900 1907375000
93600 939333900 1913608000
103300 939931900 1909577500
94900 955395800 1921153300
93100 949085000 1935298400
54600 953527300 1930009400
105300 947254900 1925820000
93800 953185500 1925523300
94100 951143100 1936086000
94500 952449000 1956147400
81200 959324900 1938030400
94500 952825400 1942333100
93900 958939000 1943432800
94800 958976100 1956613300
54600 963351700 1976303100
101200 959808900 1951171700
94000 959945400 1963294800
94900 963437000 1951065600
103100 972810200 1957043100
95100 963245400 1955297100
64700 962877200 1972421200
95000 979595800 1969994200
94400 964859000 1968993400
104400 968604700 1972652800
94800 970428600 1980278800
97500 979864800 1983964800
94700 981357800 1985890700
95200 985038700 1986760200
108500 989362300 1993278600
95700 988897000 1987837300
126800 989393200 1998352800
95200 990548900 2007830800
96200 980637600 1994942600
95400 992134400 1992374900
95700 985585400 2007821900
96200 991555100 2007550400
105100 992224200 2021171300
96800 995663800 2007444100
96600 991668000 2011619300
103300 995245700 2029505100
97900 994555800 2035575000
96500 998779300 2025975600
96400 1000151000 2025058900
96400 1004363600 2038986700
152900 1001005700 2034900200
123200 1010164400 2036679000
96600 1002495400 2043041400
115900 1014247400 2044764400
96800 1013523700 2056959100
55200 1017411700 2059154300
96900 1016234900 2054710500
55700 1015808200 2067357800
108500 1012663600 2060415500
108300 1020297100 2075765700
102400 1014703100 2081874400
98300 1022092700 2070707700
107800 1023544800 2075658600
102500 1025632600 2067147500
97500 1026276600 2088103200
98700 1033861000 2074008300
101500 1037946600 2078287600
55600 1029303000 2094429600
98100 1032191300 2087697500
105300 1035748200 2097186800
98700 1038287900 2094496200
177100 1037816600 2108592400
98200 1034875200 2101854800
148500 1039852700 2119016300
97000 1048957300 2119259200
137600 1042891900 2111768100
99700 1049487200 2151685500
107200 1043955800 2119882100
103300 1046798700 2116536300
100000 1048462800 2127854200
99000 1080141600 2136081300
80000 1049800100 2145509700
98700 1055744300 2133114900
98900 1055008400 2144126500
99600 1057037000 2141147200
98700 1060698000 2144391900
98700 1053766500 2144318300
120100 1063973300 2163692800
116700 1071807500 2158127400
106900 1061356400 2165511700
68600 1063015000 2154294600
100000 1065705500 2175787000
108500 1079952300 2192882600
100600 1070347500 2171720400
123700 1073605400 2174086500
99600 1073794000 2182035100
99700 1071463300 2177571000
99300 1073697200 2193463800
102100 1069884500 2174864200
100400 1080428000 2186328500
100200 1085888500 2206948300
102000 1075014000 2194097100
104700 1085805200 2189985600
100600 1078599400 2200461600
106400 1088873600 2203904700
100400 1091874100 2202565100
100400 1092134700 2219435200
101500 1091601700 2221285800
66800 1092925400 2216504000
100200 1090445000 2212357500
100300 1103148600 2223290400
104200 1097829600 2220756400
62000 1096957100 2222768400
102700 1097189900 2228106700
101300 1096346100 2230092000
101800 1102259100 2251443600
106000 1107080000 2243547400
100800 1106670300 2246139400
102200 1110622800 2252868800
71000 1109474400 2253327700
107300 1113970800 2261523400
105100 1110270000 2262203500
68100 1116231200 2270244400
101100 1122210100 2278075900
101400 1120317000 2259019200
114200 1115413300 2261059800
110200 1123458400 2269495100
119500 1120924600 2290552100
102000 1130618600 2279402700
102600 1122709700 2280855000
103700 1126591400 2283654400
102100 1132629400 2297732500
103100 1130824800 2311185600
102600 1130625400 2302499600
103100 1131641600 2292383800
154100 1131676900 2292472900
102000 1144799600 2299063600
154500 1140735700 2312480900
102900 1146985200 2310202900
102300 1149619400 2326914200
103500 1147048900 2329640400
103000 1141813700 2322971700
58900 1150587100 2344516700
58900 1155685900 2322501000
107800 1154252500 2339744900
103600 1151806100 2350275600
105600 1158081000 2341801200
112100 1151293400 2346398400
103400 1156689800 2351167800
106900 1157060400 2355004400
104900 1162845200 2350635000
103600 1168495700 2353864600
120200 1159231900 2371192400
104300 1164825000 2362435100
105600 1169896700 2363977900
108200 1174917400 2376415300
104300 1166746000 2374434500
59400 1164791500 2365646700
113600 1176378000 2383223000
104000 1176010100 2378811700
59400 1179587200 2378664400
104400 1171260400 2381296600
110900 1182540300 2390678300
105100 1176720000 2394308600
104100 1177818100 2404259000
104300 1183873800 2405557000
110300 1182918900 2397584200
102700 1186554800 2424359900
105300 1186217500 2420995700
105600 1196104800 2414814900
104500 1199539700 2417862600
105400 1192739100 2421277300
105100 1199027900 2427978400
117600 1192677400 2415836600
105500 1190634400 2423276600
75200 1193986200 2430841700
105600 1195572000 2594752100
105500 1206339500 2449398200
105600 1206360600 2442622500
122900 1209404700 2443430200
108600 1201329300 2447961800
105800 1207647800 2444662700
107200 1208996100 2460628000
112700 1211366600 2454730700
107400 1224215400 2473024700
106800 1222899400 2463025500
106400 1212561300 2477308800
105600 1219212400 2468006300
111100 1229594100 2478760100
107000 1219672400 2476726400
119400 1223086500 2481076000
106200 1228373100 2483218200
106900 1218840600 2482795200
106100 1235008600 2499025100
106400 1232186200 2493555500
107800 1243393300 2703755800
106800 1236842000 2513867800
106900 1238956400 2503181500
107400 1236156300 2506898800
106500 1233697200 2506938500
106900 1250707400 2519337900
108600 1242942300 2525658300
107400 1243297900 2524844700
106800 1247971400 2514605800
119900 1255199700 2540613400
106900 1250628900 2543615800
109900 1276974800 2540178800
127500 1256412000 2539198600
164000 1245099200 2540574900
122900 1256115800 2537502500
107200 1256649900 2554017100
108900 1258731300 2558082800
108300 1261984300 2548914000
108300 1264826600 2558750100
62200 1265451300 2565898300
110400 1268682000 2566258000
113600 1269300000 2574812000
109100 1280498800 2574966900
80500 1272204500 2573732700
109400 1269491000 2575059700
63100 1266286400 2575706300
108700 1268561700 2580116800
109000 1269265800 2577937600
109600 1281381900 2582106200
86200 1285456600 2604538200
79400 1284873800 2601117100
108600 1286885300 2608175000
130100 1289763600 2613090000
169200 1291147300 2610931200
110600 1294861300 2624038600
110600 1292519800 2608238400
122600 1292380000 2622046500
108800 1291299700 2624334100
109500 1292098300 2627894100
109700 1293826800 2622173500
109800 1295705800 2622978500
91200 1299270300 2666794300
63600 1300991200 2631907300
110400 1301527900 2642742500
109800 1303833100 2647174100
110200 1306322700 2652418600
110000 1310850900 2650795000
110200 1314342400 2654984900
110000 1311776600 2660527800
110200 1318817800 2673023300
87600 1314857300 2675943600
110500 1317955800 2678869000
84700 1321498300 2676753200
90900 1328796800 2697770500
111000 1329040800 2682165400
143100 1324814500 2682535700
111400 1322394300 2698855100
124700 1324523800 2695477600
111000 1322035200 2702151200
112300 1338689500 2699328200
121600 1336413100 2699046600
110500 1342169000 2732588900
111600 1334792200 2710314900
123500 1349515400 2715228700
110900 1340949000 2724962800
109300 1339505200 2715612100
73600 1342716500 2727281600
66300 1345882000 2728290200
115500 1346294600 2739614000
112600 1344056600 2763910900
120300 1356726600 2741153900
108300 1350086100 2745021700
111500 1353014500 2732624400
111900 1352595700 2749095400
113700 1356299300 2753785300
113100 1347900600 2751235300
112000 1354199500 2760018100
112700 1355327500 2753366600
112800 1359065000 2753713200
64300 1367099200 2761991900
112800 1363498800 2768253800
111900 1365383800 2772605600
114200 1375710000 2784048900
202200 1376925100 2792065700
123100 1375204200 2800675000
112800 1380342100 2783800700
112900 1392715000 2804295600
113700 1376896500 2870312800
64600 1397395400 2815182900
131000 1389146700 2806356500
128500 1394137900 2805582800
112600 1394096400 2822263100
112900 1393279000 2815157300
135700 1396925400 2824244700
112800 1393635600 2824592200
113000 1397823100 2818004800
119200 1398767100 2837942000
113600 1397948600 2848035300
65300 1397695500 2841910500
113900 1396990000 2837776200
114000 1402996700 2863914300
115300 1405538300 2855173900
182600 1414847300 2858055200
114100 1417022700 2857223900
188800 1421113100 2865009000
92000 1415741700 2865100400
114300 1419728300 2886789300
114600 1410925200 2876460700
128800 1412207200 2873652500
113900 1415973600 2869550000
114600 1422356600 2879560700
115200 1420829300 2886753300
114100 1418414800 2885548300
115000 1430367600 2887089300
115000 1427541900 2903254100
114600 1424184600 2897774000
66100 1428937500 2898256900
177000 1437661400 2905995700
114600 1442627200 2912330500
115300 1442551900 2909268400
115200 1438792300 2917246200
115400 1438601200 2930828900
115200 1439252700 2922615100
145700 1446663400 2931584400
66500 1443033200 2935405100
118300 1440471900 2932518900
115800 1442590200 2927068600
115300 1444708600 2928958500
115900 1461624100 2944587100
120400 1460340400 2951501500
115400 1453487600 2946296600
125200 1461048100 2957438300
117200 1458478000 2969635900
116400 1465208700 2975151200
118100 1465417100 2980053900
116900 1460266000 2964325100
116100 1459959700 2968765800
116300 1464290500 2959725600
122600 1469698700 2978041100
116100 1471799900 2979410400
116300 1473031700 2980856100
118300 1477193100 2990999500
86700 1488612400 3098790100
119000 1481203300 3194823300
125000 1487285700 3041215000
116800 1491364400 3011666200
73100 1492104400 3015167600
140400 1490268400 3032330500
117800 1493585000 3024448900
117400 1486558300 3038274000
118600 1495510200 3025907000
117300 1499025700 3023485700
117300 1506912800 3027783700
156800 1501432200 3038790900
118100 1497896000 3045033100
78800 1504620800 3049019700
118200 1505570500 3062970600
115600 1500008300 3049662100
134000 1506599100 3052652100
118200 1508781600 3063046900
118100 1508441400 3070362800
118700 1516218000 3079671400
118300 1516727900 3063853400
67400 1513985200 3069355000
126100 1513836800 3071118600
118700 1511228400 3081088200
118400 1520195700 3080451000
120200 1516030500 3094038600
118200 1530642600 3089110400
118200 1524568300 3110833100
187400 1528837000 3101573700
82900 1528544600 3110530500
118700 1530864200 3115760800
118900 1544676600 3121192200
142500 1535756000 3109969500
119300 1533689600 3116318100
119300 1537464200 3117743300
119300 1538395500 3126907700
119300 1536273000 3127346500
126900 1553225500 3135703500
150200 1548983800 3144889600
69000 1543306500 3145990100
121400 1555844900 3149484100
120300 1547234200 3174053600
112500 1553949700 3149122400
119400 1562350600 3163193200
120500 1563957700 3172294600
121700 1566555400 3169847800
119500 1553353400 3160106100
120900 1564251300 3162254500
122000 1568405400 3172488000
120700 1582516000 3179759800
120000 1573002700 3167889700
120900 1579532600 3184065100
122800 1571422000 3184933700
78800 1570335100 3177536900
122000 1572405800 3205085300
69200 1579609100 3209815000
121700 1579191500 3211169800
98300 1585777000 3216380100
131400 1593896600 3227385200
120700 1587814400 3217760300
113300 1585139300 3217939300
121300 1590158000 3220168600
121800 1582707300 3214703700
122400 1587695900 3225884600
122100 1603172600 3234346100
121700 1598809000 3254363500
122400 1599208200 3248559400
78700 1602236600 3246929300
121000 1596113400 3477800900
74100 1606923400 3254245200
79800 1614375500 3251705200
122100 1602079000 3253388300
122500 1610950400 3266831700
70400 1614998700 3293349200
121900 1617368500 3268124600
91700 1612447400 3284107800
69500 1608724600 3281309000
85300 1649219500 3264285000
122700 1621727100 3302880800
122600 1625207700 3304612600
123500 1624320300 3302968900
123800 1628315900 3301090900
123100 1639658700 3305799200
125100 1638497700 3295267900
112500 1635472300 3323686300
124300 1626938600 3315423300
123200 1639534300 3326805400
92600 1641664300 3330023700
123400 1640630600 3337076500
123300 1646964600 3335766700
70500 1638492500 3337443800
123500 1647370700 3324395000
123700 1645861300 3355160200
124300 1636953500 3338198100
131800 1654219600 3349655000
124000 1650311500 3357856500
123900 1659548700 3363994000
124200 1658685000 3369358300
123300 1665839700 3353001500
127500 1654135700 3370898000
124100 1659890200 3370297700
123900 1658673700 3372003500
123400 1664198000 3376332800
83100 1671418500 3383972200
124200 1668447200 3390662900
123800 1664598900 3396625700
124400 1676936500 3398114200
124300 1672542600 3394471400
71200 1690980500 3399413600
79400 1673696500 3398066900
128400 1675258300 3398343000
75900 1684186400 3407831300
125000 1683862900 3429181100
124900 1686842400 3420934000
124500 1689519900 3438044400
135100 1698515100 3442642200
124100 1698682500 3426448800
125100 1694919100 3430197500
169200 1691050400 3435023100
127900 1700245000 3448307700
125800 1694283900 3458812500
125800 1702966400 3452600800
126300 1704585500 3461865700
134800 1709208800 3466271100
125700 1710018300 3480603500
126600 1708811900 3473816800
132000 1716013800 3479927700
146300 1716612300 3479396600
149800 1722992200 3491594300
127200 1720615000 3485018900
147700 1723508100 3487726500
127700 1723366500 3500580800
126200 1725690400 3500619700
126100 1730957400 3505664800
126500 1736322200 3505924900
93100 1733624800 3530626100
126700 1726485000 3501306000
126900 1734835500 3510609700
127300 1735889200 3512308900
128000 1732673300 3522136200
157800 1740959500 3519528200
126800 1739522600 3534768700
127700 1740163600 3531485200
127900 1747278800 3521523500
219700 1750703700 3547900300
127900 1749713600 3550115500
127400 1765383600 3542521200
128000 1774912300 3568980300
91400 1757171100 3592358200
128900 1797759500 3566200400
127500 1765560900 3580023300
128500 1763556500 3586727400
126900 1765704000 3582091900
128200 1773625800 3583754000
127100 1775808000 3596333300
84000 1771621900 3604569600
128600 1772980600 3588955900
73600 1773686100 3590979300
127300 1777765300 3604155900
128400 1791037000 3606005600
130000 1781895300 3613232900
128500 1787736400 3613620500
128600 1815021700 3621547000
144200 1791833100 3617403000
129200 1792664700 3628754800
128100 1798980000 3635062200
128600 1790379900 3631767100
177600 1796775600 3629587700
128500 1788103500 3622799800
129100 1797965100 3637759600
129300 1801825600 3644566100
128300 1799771200 3661028100
129100 1810313900 3661406000
129500 1818393200 3672459500
129300 1819052500 3666424000
130200 1804573000 3664180000
129400 1809501900 3698644400
129400 1820809300 3674710800
158200 1823203300 3667850200
129500 1809309000 3688995200
128900 1818910700 3683451600
78400 1823972900 3698312700
129100 1824524500 3706326200
129400 1832743300 3705515900
129800 1828095500 3704849200
139700 1861781800 3774987600
149100 1844575900 3728889800
130300 1846794500 3729879100
130000 1851111600 3727912900
122700 1846274600 3737013400
131500 1844351200 3744374900
130300 1844846900 3732069300
130400 1843513000 3728491000
104300 1843857700 3727607800
132200 1848243300 3738619500
130800 1853336300 3757967700
130400 1856007200 3780854700
131200 1856363900 3760757900
130800 1866476400 3776124900
130400 1857246900 3781509300
165800 1861112300 3777983000
75900 1869824600 3782709400
134900 1867522900 3770199200
131600 1876378000 3785295700
93800 1868290700 3785205800
131400 1881122500 3793770300
135200 1873533100 3786442100
134800 1877549300 3806780100
132700 1884148900 3797200900
130900 1874465000 3826543900
132400 1883565000 3830478500
132300 1889361700 3802954100
144000 1886831600 3828434500
131900 1885458800 3824726300
132100 1892576700 3830294000
131400 1897239300 3846670000
137000 1892725000 3837377000
139700 1909603900 3833371300
132300 1904669900 3848980500
132300 1905726800 3836379800
132500 1901104300 3849918500
101700 1899290400 3846486900
132200 1909161700 3860089300
132700 1919717900 3851753000
131100 1912748000 3864275200
