3800 5100 3400
9000 12700 9300
19400 25200 18900
34000 41800 32000
52400 62400 48700
89800 87000 66600
101400 115900 92700
132000 148200 115900
166500 184100 154100
204200 224400 181600
246500 267900 217000
296000 316800 267900
347200 371700 309400
401900 426800 359500
471000 719100 622100
518100 563800 468000
599800 624500 601600
681400 694800 576800
756400 895800 645500
818100 857600 726200
902900 953700 804300
988100 1029900 877800
1090600 1222200 1120800
1896800 1244800 1090600
1351500 1366300 1144400
1388000 1477100 1240200
1783800 1625700 1452900
1617000 1678400 1443800
1746900 1806400 1539900
1909600 2076000 1798300
1999400 2045900 1764100
2124000 2178300 2944500
2220200 2274800 1924300
2359700 2432100 2178000
3169400 2569600 2158700
3349400 2741400 2327700
2742100 2825700 2446600
2985100 3154400 2534400
3076900 3146900 2747900
3931400 3377600 2882000
3584100 3746600 3026300
3593100 3677100 3158700
3890000 3855500 3263900
3960500 4244300 3485700
4112600 4233500 3842600
4579300 4424900 3801000
4561300 4642800 3890100
4805400 4874800 4163600
4989800 5049400 4354900
5265200 5150700 4463500
5224900 5596400 4629600
5425200 5593300 4742700
5657400 5966300 4909000
5897800 6486400 5101500
6233800 6514300 5710000
6872400 6553400 5788200
7033500 6680000 5772700
7331200 7106900 5942200
7752400 7120600 6232900
7456800 7583800 6484900
8310500 7759300 6444000
8065100 8007400 6813900
8804900 8208200 6966200
8881400 8601700 7154100
9892600 9345200 7522100
9370800 9090200 7716800
9129300 9487700 7821700
10060000 9610000 8206200
9929200 9686300 8517400
10600100 10006300 8672800
10456400 10253200 9945700
11246500 11311100 9137400
11149500 10936400 9528600
11672400 11285900 10022200
11773300 11562700 9894000
12268000 11940400 10075700
12090600 12245800 10433200
12851100 13351600 10944800
13308200 13016000 11091600
13464300 13301700 11613200
13556200 13489200 11640600
14280500 13944700 12864000
14552000 14533300 12732400
15262400 14518300 12423600
15142300 15566800 13275100
15293500 15544100 13334300
16075700 15675100 13291000
16781200 16491200 13826300
16701900 16510000 14040200
16782600 16597100 14671800
17028300 17032100 14680500
17684900 18272300 14792500
18426700 17725800 15299300
18742700 18574800 15424100
18992100 18303300 16011400
19374200 19433900 16424600
19355200 19379500 17713500
19945900 19639400 16829600
20811600 20088000 17860100
21661600 21439000 18383500
20947500 20804500 17812600
21627700 21289500 18137400
22469100 23258500 18470600
23414600 21893900 18788800
22779500 22656400 19142500
23199800 23483200 20728300
23576400 23275700 20071100
23859800 23991000 20480400
24225400 25040400 21204400
24837100 24943500 21243000
25158100 25277700 21528600
26052900 26541900 22341200
26463800 26154200 22229000
27480100 26730400 23434300
27724100 27374900 23125900
27867700 27641600 23516900
29065300 28472300 25139900
29078300 28725700 24166200
29268700 29424100 24600800
30683100 29448900 25209500
30194400 29977100 25937700
32742100 30469300 26927900
31123100 30970900 26399000
31625400 31615400 27223000
32978200 32383000 27652600
32235900 32432000 27946500
33944000 33357600 28165700
33471800 33546000 28749600
34859500 34228300 29396400
34604500 34479600 29420000
35813700 36487700 30484400
36641900 35847900 30559500
37023700 37418900 31259700
36457800 36813400 31360900
38173300 37672000 31865900
38027200 38008700 32336600
39345600 38309200 33096100
38323500 38929100 33650100
40609100 39629800 33532000
39998400 40073900 35910600
41533000 40755300 34981500
41477900 42078000 35604900
41996600 42211400 35705700
43461700 42670200 36221200
43080100 43419400 37381200
44632300 43489600 37249300
44279900 44208200 38252500
45010000 44752500 38282900
46336900 45360900 39163400
46408000 45788300 40459200
47125500 46375400 39992800
47516000 48575700 40204700
48492800 47768700 42346700
48671100 48047700 42347500
49385100 49682700 42079400
49547900 51998200 44478100
50596300 50563900 43884200
55911900 51093900 44057300
51878500 52894100 44217100
52491800 52349500 45890800
53133100 52830700 45167100
55374500 53759200 46232300
54402100 55975800 46559000
54693000 55327100 47856100
56029000 55116000 49168400
57064100 56610100 48365700
56804700 57777900 48643800
57865100 57893200 50580000
58304500 58140400 50708900
59088500 58689500 51909700
60690200 59968000 52001100
60381600 61586700 52173900
61024100 61848800 52565300
62039100 62044700 53787600
62622000 62447700 54987100
63866000 63570900 54254900
65405500 64109000 55516400
66509100 64471200 55631200
66196400 65572500 55991300
66007300 66939500 56241100
66848800 68197500 57903500
68254900 68702500 58419000
68599200 69240900 58696400
68993400 69783300 59572000
70216000 71505800 60493700
71377800 71571800 60719000
71779500 72134000 62246300
72796600 74666000 63346500
72682900 74158600 62795300
73590500 75278900 63393200
73964300 75699400 66377600
75278300 76601100 64998900
75389200 76974700 65031600
78260700 77628000 65249100
77572200 78561400 66415900
78490800 79497000 67178100
80730300 79011200 67893700
81059200 80098500 69140000
81743000 81142700 70196200
81803600 83347500 76679500
82370100 83737900 72392700
83336500 84717900 71556300
83886000 85404600 72146000
85948500 85076800 72606600
85950600 85488500 74822000
86512300 86082400 75809600
87553500 88445200 74916900
88178700 89860400 75914800
90279800 89310800 77388200
90702200 89689200 78547700
90934400 93384700 78096400
92774500 92067000 78228300
93386900 92613900 80416400
92667500 93180500 80611000
93686700 95114200 80657200
95420900 95401300 82222900
95925200 97402100 83402200
96243900 97579400 83196700
98546800 98741700 85435400
98163500 99679500 84807400
100055200 101348700 87280900
101630400 100436200 86960100
101222100 104663100 87781300
102366800 101686200 88155300
103190300 103963500 88580100
104916800 103482800 88918800
105630900 105497200 91199000
106548600 106358200 90492500
108500800 107012500 93426200
107471400 109067200 92641600
110363100 109360200 94807000
109338100 110002900 94192600
112018800 110650800 96610800
112316500 111912800 95985500
112439500 112712000 96094400
115303400 117704000 98600900
114188300 115686100 98448900
115602700 114543300 99424800
115765300 117190000 100067600
120565100 119905600 101707200
120969100 119189300 102807900
120726400 121226800 101986500
121338700 120881500 104662700
121531000 121067300 104783400
122225700 123320000 105795900
123306700 124224500 105919300
124605500 124227500 107097500
128398300 127222700 108150900
127526500 144118800 108599600
127971300 126727900 110887200
129618300 128116600 110804500
129621400 130020700 110671100
131057800 131541500 113493500
132006900 132280600 112935700
134632000 132969600 115050700
134666800 134768200 115474600
135264100 134470000 116603600
134368700 136597300 119130100
137327200 137840100 117646700
138437700 139137500 119403400
139318500 139908800 119473400
142231800 141321300 121122200
142007400 142062900 121727700
144094200 142676000 122715800
143889700 144257700 123378600
145266100 144517100 123921500
145886300 145971400 124307600
147070400 148691500 131034700
148121900 147871900 128488600
149179700 148989300 128742500
148403400 150213400 129742900
149848300 150792000 129155600
152780800 152246600 131821400
154389100 152623600 133385600
155722500 154272600 131966700
155278100 157361600 133456600
157306400 157659100 136156900
158352000 158874400 136648300
158570900 157959400 136964300
161148300 160725400 136976300
162105700 161955900 139620100
163828600 167527300 141141300
165064000 164632000 140951900
165185400 165305300 141318200
165548200 167482400 143540200
167041300 166398900 148591300
168233100 168947200 145034300
168280300 171309500 146928300
169732700 171994600 147960500
173510100 173340300 153000500
173373500 173122800 149821000
176275700 176939200 148812800
175236600 175956700 151125700
177702300 176902600 157260100
178827500 178184300 152725600
179352800 179266400 154583000
179880600 180296200 154056000
180362300 182104500 159842100
182331500 184169500 156989600
184363600 184341100 157982700
184888200 185176100 159959800
185984900 186950000 160368900
186334500 187900500 162278400
188008200 188051800 160221100
191387200 190560900 164127700
192877700 191371300 165095600
192758900 192885600 164344700
193478500 193465400 166653500
194359200 194301500 170630700
195814900 195715900 168448900
196455300 197032000 169883700
197944000 198426400 170459100
199933400 200211500 172962300
203831100 201432600 174103300
204136800 201697000 175483900
205279100 204324600 176059900
204097100 204550700 176918600
206538700 206449600 177709900
206826100 206954100 178165800
209768500 214175600 179709200
210214500 213863500 182142300
211607100 212036600 182904500
213150800 213414300 183842300
213549600 214471100 183847700
216158500 216991400 187110100
221261900 217889200 187545500
218337300 218908800 189428800
220823300 220035200 189002700
221642600 222139100 190293300
226837800 223136900 192269700
224282500 224005600 191494700
225675300 225309300 193656300
226307200 226540900 196635400
227369300 227187800 196687900
229023200 230007400 197737400
235881800 230049000 199348200
233053900 231423700 199710300
232615600 236245100 203046400
265702400 235513400 233390400
315022100 253147900 204215400
238228800 239638200 208013700
245343300 240210600 205533600
240767300 240259000 206778900
241263700 241721400 210875600
242803900 242960100 212643500
243807800 245389900 210509700
245590000 245381100 215893100
247046700 247030200 213554800
248896500 248559600 214611800
249821500 250213100 216739900
254407000 252635700 216612400
252039900 252596300 217389100
256728700 261201000 220732000
254522900 256963500 220668600
259238300 257790600 222741900
264923600 260665600 222769300
260641100 259782500 224150600
260329300 263449400 228661300
261953000 261867400 228884900
264270100 263574700 227566400
266125600 268539700 230791900
268984700 269031900 233428700
268218500 270167300 232174000
275931600 271755400 232821700
271218300 273133500 234148500
273245500 274689200 240499800
275205700 276175400 240990500
276869100 277185800 239305600
282782900 276572400 240293000
278768900 279152000 239888200
279920400 280539400 242207700
282764500 282985400 244534400
283550200 284042900 245000500
285004500 286015200 247435700
286805800 289765700 247398500
289199100 288935200 256101000
290766700 291380700 257610900
291929700 291947300 252361400
293469000 293337000 251860500
296512200 303533500 253672600
296421900 302901600 256405500
296846800 299885200 257108600
299553700 299408000 264487800
300568400 301791200 259736200
303085900 302015800 261473700
305535300 305279700 261870600
307726500 306934500 263413700
308475600 308632300 263830000
309500000 309630500 267171100
311777200 313375500 267690000
310890200 313544300 268291800
315929100 320534600 271846800
315102700 316670600 271735600
318068700 317678800 272771900
324772400 318532800 275368500
318668700 323303200 275862100
322858200 321591500 281297600
321485500 325393400 278792600
325552000 326040800 279855200
325809700 326646700 279533200
327584100 333196700 283393500
329084500 331926100 285060300
333526800 330826500 290286500
333795700 332937500 288170900
335069600 335663100 292869200
339722900 338981500 288817700
339189400 337591800 296318500
340537400 339530800 293092500
343714300 342745600 295611900
345253500 342373600 293842400
348566400 346226400 297560700
354358400 346681000 299102800
346818500 347463300 298701900
354164400 351056300 300763300
351322400 352171600 306724400
359982800 354467200 303369900
355138400 355225100 304786300
357023300 356225800 305748400
358473300 358124900 309740800
365054500 358441900 308075800
361135600 363401500 310688400
363998900 363304900 313614000
368431400 367839700 316166100
367654400 365566900 313522400
367343700 367925500 319602600
373251400 370483700 317477200
371083500 371201800 319380300
373397200 371868900 321851100
375590600 378415800 324257400
377628500 377893100 324016300
377356400 380299100 325288900
379032400 382159900 326207800
385939100 382664200 328938000
383917900 384079500 331822700
392403000 388214800 332507300
392668200 388332200 335474200
388715300 389215300 334379800
390487200 392406100 336918100
391926900 393696300 336907600
393865100 393670100 339482500
400087300 395799400 341768600
399632500 398705800 345110100
400235200 400514500 343850300
403868900 403278300 346343200
405779300 407913000 350615100
407936200 405020300 350119700
407664700 410031500 349066400
410879400 411918600 353039500
419108900 410967300 354108900
414723700 418038900 357233900
416374200 416672200 358287500
415954900 423239900 359222900
418374400 418853700 359154800
423465900 421605900 360166100
422511200 423172100 380158600
424726100 427198300 366654700
425905200 426297100 367958100
430208900 427874900 368152600
430720100 428364600 369648200
430706100 431197300 374005600
434352000 433952100 375051800
438833900 435359100 374725800
441460500 436751900 375888300
441207900 441947900 385430700
441240900 445897800 381924300
443923700 445097800 380504000
450508500 443994700 383294500
447396000 450232500 388336000
448428400 448883600 386405800
449408800 452221900 388885900
451751000 457360500 393852100
456987900 453733000 397546300
459961300 461251900 400422300
457376600 456587700 394563100
464274800 458755200 395737100
458987400 462948600 396950800
462404200 462442500 398399600
466628400 465507900 402683900
467230600 468570900 402430000
469267000 471070600 404133900
474817900 469996300 407559800
473024100 477017500 406454200
473849600 475521100 410016200
480054900 475165600 410138300
478148200 484669100 412699900
482117100 483102900 419695500
482247200 481619500 415671100
487971100 489313600 416351900
487765600 490151800 423281400
486327200 488866800 423365100
494729300 494257000 422965400
491737600 492561600 427872300
495371100 496474300 428286500
502404200 498283000 428719900
501381400 501024200 428848500
503606600 503155300 438743200
502940600 504360000 437904500
507502600 507818200 437991000
505783200 505136000 441566400
509933800 511848300 442904000
515769700 513815800 440499800
512249500 517841300 448801100
514458200 519561300 446314400
519593800 514794600 444154700
523263400 519872500 447717100
523629500 524146800 450135400
522855000 523474900 449433800
526074800 524604400 451860200
527508700 530157300 457269400
530150400 530370400 459113600
535441700 532137200 458026000
547574700 533279700 460834000
533337700 536549400 463198700
537684500 539448000 469346100
539676700 541615900 471142800
545154100 543659400 465964000
545110100 544717600 470326500
549216800 548214700 470728600
549637500 550071600 473814400
549512700 551738700 475400800
552791300 553040600 477515100
555030200 554761900 478218000
557055000 562439600 479575500
560713800 560856100 481021700
563144800 561924600 488901200
563200000 566284100 486754700
572078000 567959100 488681400
567914700 569466600 490500900
572652200 576645200 495395600
572153400 572858600 495752100
579302900 578156100 494937700
577684500 579286900 497384400
582899900 579890400 502244700
581247200 587837200 504416600
586913700 584985000 504208900
584891100 587906600 506447300
588332100 586785700 508537700
594494700 590124100 508467100
594512000 596495400 511650700
597085300 603089400 514742000
598511700 600707300 514562900
598319400 599875200 515637500
601005200 604165900 516988300
606427100 605190400 518159600
606397100 605862300 526472000
610844200 608106400 523220200
609405600 618153200 523078300
610629800 617493700 531383900
610724300 612821700 538519200
621291100 619074000 535371300
618338700 619351600 535972900
624885200 620583100 534218400
622548800 624953600 537909200
623198000 625858200 538483500
628937700 626648000 539009300
630130100 637628500 545138500
637105500 633951700 544365900
649997000 633445000 547852400
634165400 636484300 546503600
635912500 637054900 550217500
641231300 644140500 551888100
641917400 643784300 557515200
647003900 645534500 556874500
653478400 648637400 558214800
655517000 650280800 560960300
653205400 654331600 565704000
654273000 659636300 566095100
654640300 662338600 568712800
658672100 659214700 571848500
660373200 664115600 569793400
663139400 664254900 575877600
663877900 664629100 573086700
668222600 672679300 578920300
674946200 671263600 580912600
670301000 672988900 582104400
676212200 677011400 584314400
676990700 677143500 587183100
683916400 681010200 586435400
683046300 687371400 590686000
688076200 687803200 591729100
687697800 687547300 597844700
692056000 694032900 597881300
697695800 693700100 608432800
695751100 695550300 597882000
698319200 696280300 600975000
704598200 701148000 606399500
706013200 700976200 613074700
705775300 703454800 613519400
708304200 712435200 613426200
716040600 712762900 612363400
710545300 711885700 614405400
723266400 713145700 616787300
723398600 716375900 619508900
728771500 719195400 623657200
723483600 722609700 621928200
728648300 723242800 626138100
727986600 726093700 632012200
730880000 727826000 630682700
732151400 733441600 633778200
739973900 738225700 634981400
736521700 736372300 641078100
738408600 738614500 633589800
745317000 743594700 639123800
742486700 743185200 635700100
747999600 749529400 647698800
748726400 748713500 642157500
753432500 755555800 646294000
755859800 754151200 647979000
757058600 756487600 651352600
757512400 761954800 655549800
758884800 759483100 654917000
760263900 768959400 660657000
766487000 763015100 658809100
768389700 768198800 664580800
771190600 770870500 668543000
777829500 777435300 666972400
775019400 780145100 671123500
775039000 782664400 671951400
778460600 779332300 669521000
789059400 781944800 676933100
783740600 784837800 682635300
788142400 786376800 683493400
788898700 788926800 682820900
789334200 792843100 679445400
794642500 799379800 684968600
800697500 798947800 686960500
803424600 806271200 691189500
804657600 804330900 691379900
807550400 805707000 701554600
809386600 811943500 705401800
808943000 815108700 700592100
814845900 814089300 709026100
816813800 816963600 706438600
824547300 818992000 705086100
822107100 820657100 709362000
826347400 826154300 716268300
828263800 832024000 714162400
826945500 835341800 717748800
832808200 831610800 724449300
835806700 832771300 718742400
840875000 840662400 731510300
836669700 838702800 725691900
842342500 843671500 725976300
847101400 846119000 727794000
851800400 846536200 733846400
852395300 849012500 733221400
853989600 857146000 734817900
857126300 863948500 739895400
859280000 859723400 742531900
857742900 860683200 752457500
860688600 865645900 747447800
869148800 872615200 745241900
870287300 869952100 757193700
872739300 871006400 755708300
883031600 880217200 754529700
873167400 879213000 758024400
879386800 882124300 761973700
888307700 884325800 772564000
883615700 902220100 761708300
890039100 889405200 763157500
888959700 903133600 771040800
892227700 892531600 772093200
903836300 898838500 774701400
896222900 906140700 773970600
902498000 903531200 777775500
903477900 902021400 779331100
907235200 913328300 781661700
909780200 909763200 784290100
915104700 913812400 791280200
914441100 912597800 788071300
919965500 927459500 791570900
920646000 919605700 794474600
923974200 922198800 806728700
927591800 924421900 798398000
936828800 930654900 806689000
932816100 929089300 810282000
931884500 930553100 804559000
940176700 940701900 805691200
936814200 934355900 809348300
942113900 942463300 807818500
943642100 946143100 820016900
951381500 954125300 822111200
950518800 949917800 819195600
956130600 955633400 820420500
954012100 952271200 831192600
955685700 961769600 826230800
964016500 964567200 829905600
964502300 977632200 832910700
969563800 970172300 838012500
973139700 969736200 839771100
970306900 973257600 838544200
977751200 972810000 843925900
980871700 981339800 843069200
986326000 981626700 846889800
986301600 983686200 851220700
988674000 995635800 852399700
994909400 989291400 861554100
993096200 990433500 853590800
996355000 996051800 863415700
1010084000 997747300 860245000
1001191000 1005010600 868044100
1017668800 1054142100 883362100
1010015900 1006854800 867362400
1011854300 1009800400 869332000
1017686800 1015168600 881702100
1013599100 1013339000 880951700
1020697300 1018129200 878782400
1020788700 1022361600 879080500
1030276000 1026370200 891237400
1025961800 1029131600 885492700
1035127100 1029159700 887406700
1032918000 1031329400 895667300
1036272000 1031207700 903710200
1040002000 1036482900 895825900
1044240000 1054624200 904141300
1042903500 1050043800 910025000
1047368800 1052370200 910270400
1051197100 1060437200 907815600
1052514600 1056546900 907255900
1060638900 1064241100 919424000
1060332000 1058727600 920522000
1060610200 1066155800 917145000
1072076900 1065967500 918510100
1065752000 1067900400 922794900
1069745200 1069909200 924374100
1070635800 1077318300 921898500
1083127500 1073450900 933296700
1077822700 1079723200 932148600
1083243800 1083002700 940013400
1085969200 1090461900 935691600
1088385800 1085807000 936620400
1091704300 1093590300 939253100
1092292700 1094676000 944059300
1100045400 1100788700 951072500
1098332900 1103324900 946243000
1109348400 1111515000 949300600
1107082400 1105578900 954581400
1120095500 1113638700 957704100
1118365300 1114871000 962996800
1116319800 1116978700 959330000
1123052600 1117456300 974412200
1119559700 1124924600 967281100
1126136000 1122451600 968079700
1125870400 1128159500 982772900
1133697300 1131451300 982491100
1141686900 1137149900 978634900
1134565000 1141849800 977816300
1154087700 1144321300 988489100
1142807900 1146691200 987797000
1141671500 1147136800 984469000
1158427800 1147093500 996790900
1152344900 1152999800 989815900
1151969100 1161648000 994817600
1154259800 1161586600 1004030700
1165927600 1169134400 1007734800
1165819500 1166947100 1001196300
1172571100 1169414000 1012380200
1174363600 1172448700 1011674600
1176321800 1180447500 1012467300
1201443400 1177554500 1018192900
1177610600 1176384700 1021541900
1184045700 1184914600 1017625000
1190012200 1183592900 1020552600
1193530400 1185559800 1025370100
1190638300 1197701100 1032737900
1198466000 1199413600 1031730800
1192411200 1197343100 1035734900
1198625400 1200689200 1038024300
1203366000 1200740200 1037394100
1209957700 1205470300 1043541500
1207482200 1210369400 1047884100
1208482200 1213145900 1040706900
1214788500 1222308900 1050847400
1219760000 1217702700 1053053500
1223461200 1224313000 1057229600
1223416500 1225251700 1057402600
1228957100 1226410200 1065192500
1232441100 1234777800 1065533900
1238230200 1235092900 1064877600
1235994100 1245211800 1066631300
1244986800 1249974500 1075059500
1242715800 1255767500 1075000100
1256346200 1251627700 1076734400
1252945400 1256733700 1083856900
1251899300 1256734500 1084916400
1256942400 1257103700 1091953800
1263536600 1265479800 1090464700
1267453600 1267887200 1090782700
1267028900 1273097400 1091899000
1273732800 1268552900 1095247500
1274684300 1279548000 1099843700
1279270600 1284789100 1098713300
1276590400 1283022500 1103304500
1286761600 1288322800 1125640300
1370632200 1307620300 1109528100
1288249900 1293225600 1112597800
1294748800 1297046200 1124811500
1300744900 1302535700 1125287800
1312484900 1304637200 1123091100
1307744900 1302611700 1125655000
1306712400 1310325600 1127192500
1309866500 1315301800 1134742300
1322484200 1325248500 1134599800
1315710100 1324860900 1132951100
1321282100 1327686600 1142434900
1327390400 1325111900 1143259000
1332166300 1326842100 1147634000
1328637500 1342490100 1146589400
1332376000 1337100200 1163750000
1339772800 1340771500 1150881300
1339387100 1340045400 1154530800
1339405800 1345084500 1156588600
1351191100 1350772600 1166659200
1352275300 1355193500 1165653200
1360879900 1352697600 1168811100
1359205600 1361537300 1172425800
1360756400 1356641800 1181554500
1372973300 1360681800 1176498400
1371108800 1369053000 1179038000
1376064200 1375992700 1180824200
1377656500 1377366400 1193013900
1382117900 1379728600 1189714900
1377921200 1387813900 1191660200
1384133400 1387657300 1196368000
1383702600 1391492500 1198844300
1390329200 1389101500 1202001800
1402960500 1399031700 1200954500
1396178100 1396787000 1210838800
1400058200 1400463200 1215884500
1414971100 1408437400 1220264900
1408504600 1410399500 1219024400
1403580900 1409485000 1222136500
1416391800 1418127400 1221990000
1414853600 1423184000 1233609500
1427750100 1424010200 1231605100
1425411300 1446649400 1237839000
1425128900 1430605600 1238239400
1434411500 1435256000 1238622300
1431539200 1436010000 1245163700
1438262900 1437052300 1239998200
1439387100 1441326000 1246385400
1446847500 1443455600 1244018400
1443364600 1446752100 1251432400
1454784700 1449091600 1257192300
1458764200 1457027300 1261041100
1459461700 1460571100 1258560600
1458292400 1462175600 1258860100
1463901300 1468275900 1260556200
1465379200 1470230500 1271946600
1472158100 1480703100 1279501800
1487534100 1482982000 1278542900
1483306000 1481372800 1282051200
1487730500 1480220500 1283705900
1488022100 1482937400 1278847300
1505172200 1490537700 1283770300
1491234500 1491124100 1289433100
1501363700 1500407600 1299640500
1494202800 1506258300 1300376800
1511202700 1505937800 1294053800
1501525500 1505990700 1301702000
1510906300 1504751100 1308081700
1516139900 1513806800 1300958500
1519895900 1518550300 1307175600
1518843000 1525636800 1311983200
1525491300 1526531700 1323237800
1521353400 1529154800 1323070900
1546059300 1535091300 1327073200
1535504200 1531693500 1323367100
1539097600 1542618300 1328346900
1543077700 1545178300 1332917500
1541786400 1568994900 1334827900
1555533800 1553344900 1358512700
1559110600 1553578400 1339357700
1563702500 1562719200 1341520600
1568407600 1570748100 1343504700
1570020000 1582650400 1349046100
1569591900 1573496700 1359345600
1574395200 1569217600 1357784600
1577080600 1574308100 1352970300
1572710800 1591225200 1365393100
1581946600 1589600800 1375537000
1586268000 1594989200 1369657500
1587180400 1584050300 1371235900
1588524900 1587123700 1383774200
1605312900 1597578200 1388672700
1613342200 1610013300 1381032700
1616089400 1607806300 1379397600
1603873900 1610603500 1388065000
1616117500 1619680000 1390656400
1614166200 1612234300 1402301800
1621681800 1619460900 1402249500
1623577600 1626185100 1393815000
1618804600 1631506900 1404786900
1624507300 1629119000 1408764200
1630584400 1637986200 1401409400
1634307100 1630841100 1405921600
1637322500 1638214100 1419125700
1647250500 1640941100 1420044500
1658201100 1646124900 1420817200
1652177100 1657032600 1422583200
1655416200 1655449900 1426264300
1660413200 1660807700 1435730700
1666009800 1657647000 1447514500
1667808000 1671438400 1442825100
1669676900 1670065300 1440689700
1681006300 1677047000 1445037800
1683446500 1677205300 1440103500
1681326900 1684825600 1454672900
1689090000 1687339800 1451686400
1683074200 1686287400 1452237700
1690929700 1693089400 1459028000
1697679700 1694993600 1468188800
1701045000 1696239900 1469631100
1711059800 1709443600 1469361800
1707136800 1703088000 1478041600
1717103000 1716246300 1477738300
1727568100 1712179500 1481719500
1713475300 1721251000 1491385800
1723401900 1730036600 1483920600
1727111600 1724526100 1491884500
1727422200 1737902100 1500276500
1741469800 1741203700 1499658600
1737311000 1738666900 1504353300
1741309600 1748184400 1501342000
1751715400 1742266400 1501264900
1756660800 1754548000 1518624500
1759693700 1753953900 1513842600
1756821900 1766201200 1507691700
1766271500 1764673800 1524856100
1758656300 1763568200 1525644100
1770855500 1774424600 1525937600
1774949000 1771203500 1526946800
1768670700 1783096900 1544128200
1776903000 1773503500 1530275400
1773301800 1780152400 1542022000
1782918700 1789423900 1535552200
1790907700 1793038800 1547469600
1785098300 1792270000 1544753000
1797265400 1791439000 1545508000
1801715400 1800202700 1558048100
1807566100 1806996300 1557818300
1814241200 1812802300 1558241800
1817935600 1813596500 1560507100
1823527800 1814663100 1573885200
1821136800 1828416800 1577670800
1833654700 1828075200 1575287900
1831758200 1827600500 1575008600
1833880600 1836429400 1582371100
1836570500 1845059200 1628383900
1848030800 1846463600 1592254500
1844455500 1848353900 1594663800
1842561900 1859567500 1597704700
1850287200 1851950600 1607398300
1855521000 1855008500 1609405300
1861294600 1859760600 1605245500
1864579100 1866958100 1611550900
1859543000 1870499100 1611982200
1861948700 1871078900 1609263800
1872435800 1878358000 1623315100
1878143000 1879235400 1622309100
1887103000 1892186100 1623901800
1893960500 1895442500 1633204200
1893485600 1900030300 1630328800
1900330300 1908451800 1629934100
1904631800 1899212700 1639194600
1898408900 1901698900 1639787000
1914550900 1899827800 1648469800
1910224600 1909891500 1648218300
1913631600 1921769300 1660124000
1914519200 1918103000 1657631500
1917760400 1926759200 1655745000
1920882600 1925916700 1663331900
1938639100 1931330400 1667137300
1936233000 1943258500 1665657900
1944506900 1935228700 1674738100
1954435700 1940583200 1683449500
1943782400 1947494300 1680787100
1962690100 1957407300 1685973000
1956571100 1958110900 1690917100
1959122600 1956375100 1694657300
1959887500 1959262700 1702618600
1970465100 1965528400 1707060400
1969191900 1974785600 1709544200
1976482600 1988058700 1711779700
1981105200 1976461200 1719797800
1980543200 1988944900 1714154800
1985544300 1988152000 1715509500
1998047100 2157417200 1728985200
1992207400 1998947500 1723957000
1998448400 2001655300 1730785600
2005871000 2007573400 1747009900
2013423800 2003293700 1739332800
2008142300 2009665700 1731640900
2015522500 2012748700 1743091600
2016522600 2016897700 1746713600
2022322200 2025963100 1748546400
2031701800 2023000200 1761333500
2027380200 2032491600 1759085000
2035065800 2045486200 1759353100
2035778400 2049902700 1759725100
2046561500 2049538800 1767774000
2051511200 2051109400 1759108500
2052015500 2059767600 1770635400
2057787900 2055443400 1772018000
2074904400 2069065700 1786697100
2059060500 2066744200 1791530100
2070226900 2075552900 1783016900
2076350700 2078538400 1791126700
2082381300 2087454800 1800104400
2084061800 2082954400 1802116600
2089592300 2085289500 1797243500
2091567800 2090070800 1802738000
2110714300 2107120800 1807418900
2099857900 2099363900 1816842500
2105511900 2106671000 1812092900
2133532300 2113887700 1818792400
2120085800 2110926200 1819132200
2126212700 2115161600 1822697500
2115333700 2119848000 1831915800
2118485500 2128220200 1833910700
2126520000 2129986500 1841686700
2132650500 2138298300 1844221300
2139659400 2148155800 1845965700
2134538500 2139227000 1851553200
2156619200 2148223800 1860301300
2148949700 2152121500 1865079200
2150138600 2145633700 1861559200
2156986900 2171658300 1859427400
2157316400 2168046200 1869086100
2170285500 2173241900 1878349400
2175587600 2176794400 1891454500
2179433000 2171075800 1876057500
2184467700 2179514400 1888202200
2184407300 2179979000 1879676800
2181341500 2190429000 1881398100
2186425300 2189099600 1891384200
2190288500 2195115200 1892264000
2210189100 2197477400 1894933800
2214782600 2208980400 1906288400
2206383100 2200224300 1913513100
2207143000 2215687200 1919912600
2213233500 2219406400 1919521000
2225615000 2218808900 1915926000
2222124100 2226192100 1916244500
2230350300 2227296100 1932437800
2231155800 2229154400 1998129600
2243114500 2244492900 1937681500
2247063900 2248141100 1934113600
2250337200 2245906000 1949610600
2252084100 2263017500 1946799700
2262600400 2258773900 1947986700
2259204200 2265487600 1950863300
2277538300 2258693800 1959446200
2271070300 2275844300 1959016300
2276708800 2282558700 1968729400
2279459500 2273196100 1964382500
2280596500 2279753600 1974309500
2284504400 2289198400 1974152400
2290165000 2286120200 1974553400
2297578600 2305666200 1972995800
2297799900 2304538100 1984952700
2307080000 2296339900 1993548600
2308869300 2307919800 1991100000
2311131200 2312053100 1993641800
2313097800 2317536300 2004916400
2322742100 2317450500 2003373800
2334198300 2333886000 2008433300
2330986100 2331722200 2013995000
2327338800 2341568500 2011502800
2339183900 2352630600 2011415200
2343379100 2343740400 2031816100
2356414100 2352814500 2015454000
2345566000 2359143000 2034483700
2358339000 2362485300 2031442300
2356769400 2357420000 2034731000
2351704800 2360239100 2041768100
2358770000 2360297100 2045815900
2367070900 2378948500 2040551800
2371745300 2382082400 2045226600
2391564100 2374559600 2050184900
2383154900 2392622900 2066933300
2385177800 2392214100 2052902500
2393581900 2392601600 2063910600
2393682900 2397650800 2076940800
2404789900 2404786600 2084944800
2409014600 2405648100 2085157000
2415404100 2410926300 2090527100
2433235300 2415607400 2090408100
2415424600 2425010100 2099763900
2416900900 2418622200 2086098100
2427183100 2420689700 2093622000
2422683400 2430700700 2096294100
2429763600 2440885300 2094464700
2443701900 2451736700 2114668900
2453629000 2445395800 2112862600
2442960100 2448359600 2110923900
2456336100 2461253400 2128149400
2453739800 2463094100 2122186100
2467990700 2461329800 2133752900
2460979900 2476455100 2137216500
2475661500 2475798600 2140533700
2482997900 2492207400 2143634600
2482183200 2484575400 2144138300
2487209000 2491715200 2145324100
2497652200 2504800800 2142754600
2506531500 2492760100 2158104600
2496284400 2498962700 2155255200
2510465500 2512141000 2155460600
2504280400 2502820400 2177937100
2514551600 2524264700 2178937700
2516643800 2525738800 2175718700
2535965100 2530156900 2176739400
2537366700 2530923500 2189832300
2528568900 2529327400 2191773500
2553486400 2538849300 2194644100
2546560600 2548982700 2190832200
2542877800 2555374900 2199595500
2556932800 2556806200 2204430300
2559931800 2561861100 2217681900
2552366500 2566256400 2211718100
2568615900 2564678300 2215648700
2576513700 2584402100 2223853500
2568229900 2568881400 2225896700
2584503600 2581755000 2233770500
2582818700 2596434200 2235175400
2685709200 2592899600 2244629200
2603874400 2604182600 2234344400
2595481600 2610614600 2250205400
2614725500 2609903000 2253296300
2599441400 2605096200 2250834200
2604580100 2615942600 2250734900
2617926600 2616918500 2262424600
2622066600 2632313000 2272074800
2630629600 2631893700 2280474900
2631696800 2639537400 2281611300
2631575700 2630102200 2272195300
2639902300 2637798400 2281166500
2645960900 2643150200 2282043500
2650853500 2646458200 2282467200
2646291000 2650829200 2295384400
2650161400 2649578800 2301407300
2663406100 2653180900 2297183900
2670922200 2662774800 2316070700
2669244400 2679636800 2314920400
2680117800 2685433700 2313358800
2690765500 2689202700 2322602900
2687567700 2690679900 2319555700
2696156200 2686159800 2337385200
2698494000 2691945800 2331306000
2701585900 2702170000 2336364900
2710756300 2695402300 2332218400
2702214400 2697139400 2341979300
2712883300 2714076400 2337551200
2714476200 2719364200 2346462400
2713543400 2718394300 2352340700
2749410300 2730033800 2367503100
2732147700 2735459200 2368449600
2743383400 2743477100 2354217200
2742194700 2745917400 2359064100
2739875900 2746048300 2362098200
2752817500 2752911100 2383191400
2762497100 2752590200 2379014400
2761894900 2755610600 2394519600
2764304400 2769883500 2391181700
2770689500 2774790400 2423415800
2778151700 2783263900 2402944700
2786955400 2785894900 2410478000
2777822200 2792440000 2396464100
2787767500 2786533200 2406756200
2789288500 2801545400 2417892200
2800832100 2799170200 2409263300
2801081500 2803327800 2414271400
2808170900 2830601000 2440926000
2822313100 2813644400 2433326600
2823314700 2827812600 2431777000
2814014100 2821670500 2434864700
2825666600 2825943700 2451635400
2840339100 2831944600 2454920800
2839196800 2850398700 2455264500
2843395000 2848181300 2458362000
2851966000 2854309400 2477073300
2855706900 2850624600 2464188900
2852881900 2862051100 2467736900
2864975600 2866472400 2479507900
2862558300 2857888800 2479722000
2867897700 2876041500 2466701700
2869001100 2874948300 2480176100
2875493200 2894119700 2483678900
2883808700 2895982600 2502828300
2890052800 2889953700 2494421800
2901913400 2888816600 2495090100
2891712400 2903916200 2512546900
2907958500 2909477900 2521724200
2926162400 2908243100 2519851100
2922818900 2944661000 2535171000
2934779300 2927866000 2530855600
2925273300 2936222900 2522445200
2930692800 2942025000 2540734700
2937849100 2946881300 2535441900
2949796100 2948683500 2532502200
2965581700 2950894400 2545146500
2949387500 2964213600 2550564800
2954864100 2950945800 2553084200
2963901300 2965481400 2562922700
2962659400 2957663900 2559045900
2958663400 2970708900 2559066900
2982450800 2977454600 2581076800
2990241100 2977005000 2566930100
2985721400 2981971700 2572476000
2987619400 2999861300 2588596100
3006634200 3010513300 2581268000
3020001300 3001662000 2602774400
3003368100 3015770600 2604241800
3012298700 3018815000 2605741700
3017955300 3006844400 2602818600
3017622300 3031611200 2606002700
3011820700 3017830400 2618732700
3029413200 3027068600 2615195000
3029051800 3034899700 2627251200
3043644900 3045099900 2624925100
3053220400 3043838600 2627430600
3061484900 3046636700 2637450600
3056341500 3060262000 2643370100
3073365100 3064033500 2648741100
3062924800 3074169000 2652921800
3063755600 3065980900 2657606800
3067394000 3067045600 2661098300
