7200 11300 7300
9200 17100 8500
34500 59100 32700
34800 55100 32800
52900 84700 55200
75500 117300 73200
102100 153400 99500
138800 204300 133600
166100 254800 162400
204700 313900 201600
255100 372200 248000
313400 471500 358600
369100 533100 347600
404700 614800 398500
500900 701400 457300
562500 800400 522900
598000 899800 592700
758400 1078300 664300
742700 1158300 734300
843800 1361000 825000
911400 1381500 927900
996800 1506600 985800
1096200 1663100 1093900
1185200 1585200 1172700
1287600 1729600 1290300
1394500 1847900 1374400
1751800 2307400 1499600
1619700 2457500 1588200
1727500 2609500 1770000
1857600 2795400 1825000
2016100 2976100 1947600
2298400 3179000 2337900
2571100 3328800 2293000
2791200 3520600 2328200
2502300 3472800 2530900
2750700 3535700 2650600
2948100 3727700 2902100
2990600 3905900 3215800
3175400 4814900 3198500
3629900 5053600 3320100
3744400 5104300 3436900
3632900 4776500 3947100
3870500 5684400 3902700
4018600 5884300 3970300
4271000 6372000 4131100
4534000 6589600 4340900
4752000 6723200 4508300
4785400 6988400 4728800
5061900 7451200 5014000
5576700 7897700 5175500
6014600 7696900 5413300
5455100 7847300 5692000
6665700 9041500 5840000
6053400 8810300 5964000
6348900 9218300 6194300
6773300 9658300 6622000
6754600 9874800 6626500
7290100 10368000 6881700
7807200 9324700 7127200
7833100 11077500 7438600
7939000 11511800 7938000
7892400 12022200 8115400
8827100 10633800 8205600
8502300 11228500 8865500
8812700 11630400 8702200
9423800 13181100 8887100
9339900 12247700 9295900
9887000 12259500 9773800
10383700 13301800 10226900
10452200 15420700 11784600
12054800 14380100 10409900
11164900 15732300 10771200
11214700 16872400 12215200
11763900 15353400 12236500
13973900 16286400 11682300
12333400 17287500 12091600
12563800 16162400 12183500
13114100 18504800 12676500
13535200 19913900 14573000
14372100 18070500 13737900
14032100 18348000 14003800
16162700 19202800 14054900
14981400 19827100 14710900
14887900 19503000 14479400
15300900 19234800 14849900
15726200 20097200 15451800
15756200 21646800 16130100
16703700 21251100 16128900
16645800 22307900 16376500
17126600 21931300 16844200
17454000 24247300 17267900
17840200 22632300 17481000
17767800 23639100 18043000
18144000 24704100 18852700
19027500 25101300 18939500
19173500 25158300 19360600
19907700 25131300 20047700
21002800 26074400 21316200
20475800 26811700 20218500
20610900 28167200 20879800
21305500 27426500 21055200
21649800 29553400 21214900
22022500 30072500 22460000
22608300 31838600 22162600
22833700 31111000 22781600
23075900 31992000 24021500
23913800 30284500 23476800
24083900 32276800 24260200
25154400 32191500 24437300
25230100 36234400 25500100
25260300 34598600 26188800
26136300 34146100 26006100
26473200 33715300 26576700
27778700 36287300 26684700
26988000 35501900 27692700
27815300 40694800 28131400
29185400 40953500 28187800
28905000 38389200 29015400
29577800 39356300 29410900
29796000 42004100 30150400
30909900 43813700 30213800
30791300 40850400 31186100
31063700 42584000 31218100
32116000 42419000 32195100
33093400 42276200 32325400
34459100 43067800 33124200
34001300 43925500 33781900
34470200 43285700 35312000
34776000 46803200 35433500
34790500 45406100 34978000
35172100 46238300 36528000
36009700 45764400 36094300
36593200 48666500 36680500
36799200 47043100 37370000
38893600 50068400 37576800
38357100 49602400 38690900
38665500 52280500 39336000
40031800 51349900 39231200
39675900 51222800 40713600
40603900 51563400 41056500
41823000 54235700 41057500
41202300 58763100 42795000
42371800 56572100 42506800
43267600 56011800 43233700
43124200 55925900 44681300
43790600 59477800 44684500
45130000 58227000 44481500
44991500 59419400 45774200
46548000 59828600 46606200
47405400 60572800 47011500
47014200 62632300 47544200
47384900 66476400 48037900
47427200 64080900 49289800
49438600 63610700 50655100
49574700 65816600 50061300
49337200 69309000 50213900
50696200 70393900 51549700
51872200 70316600 52583900
51832600 66728100 52553400
53289900 70578000 52769700
53905700 68582400 53708900
53906300 72974400 53844700
54270000 72676000 55897400
54869300 74018600 55846900
55587800 75591100 57103400
56289700 72820700 59526700
58250200 76288300 58798200
59754600 74266200 58903400
59050500 75388700 59377700
60697900 77066000 60033800
61365200 77349200 60903100
61531000 78459300 62661200
63188400 85236800 62209200
63148600 81204400 62837400
64066100 84612900 63914000
63940200 86076800 64397000
65122800 82474000 65907600
70190400 88168200 66864300
65848100 85174000 67574300
66172900 85247600 68162900
66860800 85553300 68408400
67858300 88551600 68971000
68542000 90592200 69599900
68661100 93209000 69943900
71257600 93981100 74826100
71685300 92172800 72001300
72532400 94568000 73115500
73214500 97140500 74212700
73065600 98272800 74607500
73733000 96930500 74628700
76054500 97768600 75738000
75813800 99296500 76668200
77099000 99653200 78329800
79213700 100374500 77858000
78226800 104753000 78985400
79636500 102467300 80346300
80189300 101739300 81472100
81048600 106310200 81849800
82082500 106213100 81688000
82888700 110529900 84392000
81745000 112930400 83375800
82999700 110430600 85152600
84902100 109799500 86005500
84795900 114981600 86748000
85825100 112779800 87780400
87234600 118256500 89107900
87960800 117097600 89280200
89892200 114961300 91058400
89583900 119005800 92065200
90461000 115943900 92855300
90771800 117697700 91685400
91577500 118977100 93863700
93992600 121981100 93711000
93625000 122023900 95385600
99370500 124856900 96662700
97865500 135349700 97360700
97935600 128610100 98209000
98800800 131807800 99530800
97889000 128453400 99211000
99533600 129942100 99713900
100089300 135986000 103007600
101088300 129043200 102118700
102600700 137038300 103599000
102896200 135606900 105283600
103542100 141859100 104743500
108908800 136886900 106276200
106843900 138712800 108556200
106140400 140061100 108227800
107651000 144441300 109062300
109915500 141405800 110660300
109681500 146749000 112700200
110252900 145835200 116872800
111411500 143960000 112944100
113236500 147975600 113264400
114118500 150074700 115021900
115711900 145824700 116217800
115028800 151349100 117826000
119707400 158410800 118209800
117384100 152357300 119054200
117282800 156849000 119888300
118003800 153033400 120156400
120057200 155753000 121125300
126318200 158430800 121961000
121945200 156283800 122905900
123951100 165810000 124093200
124791000 160233700 125320500
125945100 163462500 126294600
131848800 169304700 127572000
127872200 172029300 128481000
131240500 167686000 128861100
129465900 173548400 131329100
130066300 178890800 132747800
132308300 169307700 133316400
131195000 169983100 135045300
133117700 170324400 135271600
135295500 174654700 135395400
135376700 181657200 137053300
135976800 182120300 138713600
136170200 179618600 140500700
138188600 180354800 141350300
139742600 180370900 143845600
140926000 181411100 142746600
141366400 186716400 144308000
143108600 187846800 147213100
145003700 196250800 146655900
145343200 188515000 147673700
146300300 196487400 148000000
147897600 191400400 149614100
147122000 201074200 150387500
149310700 197426400 151129700
150271400 196421100 153712200
151969100 201721100 153236900
152738000 199873800 154623300
153914900 198130300 156142800
155032200 202969400 158564200
155833500 206474000 158482200
159062600 208709400 162127400
157359800 208190300 161793100
159644200 211882600 161862600
161444600 210811800 162294300
161120500 215762100 164310900
163288100 210218800 166497000
163882100 226124200 165689500
164495400 213026300 168824400
167249300 215906000 168913400
167187900 219847700 170729900
167746400 220827600 172084400
169970000 225139100 174089500
171050400 220928600 173830200
173236600 232189400 176098200
172541000 229048900 176008500
174686000 227035200 176904600
175035700 232130400 178072900
177319100 231377500 180099800
177443900 232227800 185547600
180606400 240221000 183686500
182305000 241563000 183553600
181279400 239410800 185295900
191322400 244766100 186329100
183541300 244316400 188651000
184929500 245583200 189077100
186568800 246142000 189898200
190172200 252081900 191954400
190218300 250013200 192993900
190408700 255325300 194483200
191982200 251711800 196353900
194454500 254543500 199240400
195200600 256411400 197759400
197653700 255477200 201810800
198386500 265120300 200438400
198267900 260700300 204221200
200266000 258205100 202872800
200099800 263078800 204834200
201146800 263587300 210318400
204838300 267841600 208103700
204057300 270433600 207086600
206484400 274772700 210566900
207842100 276912400 212076500
209666500 271460900 211553000
211319100 280479700 213087000
211368200 279536100 218036000
212263800 282167100 215815500
214753300 280555000 218818400
214837800 283387100 219536900
215830000 284542400 220666400
220641000 286402500 222381100
220772800 285613200 222751300
220286100 289996300 226439300
223025700 288881700 225752000
222557200 293254100 230475000
226346900 304288700 235373800
229421200 296313000 229651800
228123400 293083400 232105500
228883400 296748600 231160900
230170400 297452400 234524700
233092600 307076000 234655500
238664500 301816300 237664100
235197400 304844500 237430300
235392500 313338400 238783200
237354100 316062500 241222600
237117100 309064800 242374200
244412700 313629800 245559500
242152900 313519200 247212500
242554100 315274600 246933200
245970000 332750400 263799400
338129500 364611100 254758300
248100000 328885700 252305900
246673900 331018700 251270500
254717300 330830600 253729800
250732000 325137000 254527200
252202300 331775800 261374500
252480300 334744400 259246900
255863200 337796100 262550300
262798300 332586900 262966500
257527000 343078600 265426400
260621000 340918600 265019200
260829900 341053000 265343500
263181300 344623100 269897500
267023300 347193500 269442000
266121000 346590300 275309900
267934200 346836900 272016400
267069200 347584800 273536300
273859200 348996700 274122200
270057600 351528200 273988100
271241700 356066300 276718600
274403400 353351100 280691400
274211700 365386800 280289600
277601200 364827600 283007300
280035100 365677900 288574500
280809300 368156700 286011400
282939600 375957800 292308200
284380900 368874600 287824000
290469300 381792100 290403500
286635000 373517800 293704200
289575900 372825400 295351100
295911500 381682700 296551700
290968000 379589600 296653600
300250700 396494800 299328400
295534200 384534800 302699500
296716900 396678500 302489000
299144000 395002500 300968100
299519800 398004100 302102700
301916500 401126900 306243800
302920800 401140700 309905100
303674200 405076700 311038700
312225600 407794400 310157900
305586400 414349900 313785700
313037200 401610800 314799600
309805800 408360800 315629300
316548500 406683300 317250400
315717100 415375100 320234800
321578000 411332500 325702500
316891900 420928000 321591400
324452000 411893100 323721100
318774700 422656300 328529300
321131100 430427200 327411500
323851400 431945200 337356500
325205100 445959200 332318600
326161400 449474700 332598000
330790700 442200100 333796600
329798700 449179800 337367800
330040100 426868000 342507200
336279700 442429700 338435400
333101900 435283100 341422100
340480200 433349200 343449600
340940900 441138500 351440500
342456300 456850600 347069300
342084400 447847500 347637800
342023700 448938500 349710900
346462100 465233400 349849300
344830400 457877800 353517700
353304700 455337700 356082800
351271700 460918200 358573300
352949300 460280000 357908200
358885900 466462900 359057600
353704700 467507700 363139400
362985700 457853800 363647000
356787800 463022200 364959100
362854300 473813900 366841000
360866900 483176800 369595000
364017400 475693700 373482900
371501700 478547800 375223000
368656400 480331200 375963700
368307200 480358300 376944500
372026200 486708500 376681400
372162300 486730600 377339000
376311900 495386800 380688900
377388300 493904500 386805100
377757000 491889900 383413200
379096900 504869600 386170100
382143200 495861100 395489900
384018000 501802000 388814500
384342400 506620500 390463600
383642600 509374900 393232500
389477900 509003600 394674200
389879800 515934800 396410300
390854300 516384200 401166500
395111900 517390300 402741100
395411000 543116000 400504800
396424000 522805100 403711000
402360000 520973100 406493400
399708800 530366300 411727400
401825100 525844000 409637400
412287300 526435000 413249500
404174500 529414000 417125800
405569100 542958400 417702600
418872100 535918300 417600900
409685300 552221300 419161200
413822500 541030100 420087600
417892800 548371200 420878500
417370700 566033600 424364900
418948600 554932700 427930400
419988300 543420900 428712400
425232800 560048900 431362700
425486600 557428100 437358400
427090000 553496900 433857200
426606000 560360700 437777900
430544200 562567000 438558000
447105200 566913300 444879700
435353200 564721700 446201100
441329100 576000100 443307400
435680200 570285100 446731600
437203700 573344400 446912300
440805400 573439800 449812700
443728900 580420700 451272100
441937100 578115300 457468700
446961000 578981300 454348900
447733500 604381000 458928500
453136400 590256800 465616300
455155700 593350900 466002400
455771300 606793000 462441600
464824400 598482200 467658800
458974800 599554100 466306000
459765700 595711500 472854200
460519000 607880700 474566100
470002700 601130800 472822100
464628800 618328800 474081900
469163200 613373800 481121100
471691800 614193800 483256000
478128700 621940500 483897600
474873400 622580400 484861800
477091000 628258900 484999800
477671500 636155000 487418000
480136100 632290800 494272500
483724000 628072700 492831200
482962500 632712000 495464700
488039600 660016600 497540200
486963800 638389500 507204400
489062100 638597800 500890400
495891500 655358600 507621000
496361400 651757300 508878000
497636500 649311100 509011200
495738200 651340900 512730600
501352300 647458800 512047300
501411700 666204300 513217200
507530100 659733000 513051300
508737100 681917800 516417300
508402100 672551200 517444400
512855300 677965300 523410400
510437400 679776800 525535900
513431800 670720200 525131600
519570700 669115200 525357300
518794400 686789500 530992100
519895600 685594600 528337200
528969900 690572700 532701000
525449400 690364700 533472600
528315800 699471800 543112700
528468300 711774800 548179300
534845100 696965300 538774500
531573400 702073000 548214500
545792200 710838900 545740300
537989600 705698300 545667500
542141300 718074800 550979900
542659300 719176500 552567500
544332300 710011600 556819100
547869200 714630000 559596700
546004700 724656500 564363800
553833900 718924700 561250400
552044700 730864000 563934500
553229700 728027600 563766500
554985500 729070200 568584100
559734600 729575400 570979000
561812700 749906700 573920500
562698400 739651200 572063800
561997400 734007600 578791900
565412900 741050000 578572200
567535600 753718000 582227200
573818600 740598700 585253200
579758800 762896500 583872600
574742000 765335300 592336400
577011500 750438600 597223300
582751400 757283900 597114200
580248600 772721700 593702100
584630900 784190700 598057800
592147700 771515600 603285900
592708000 778403500 606578400
592485700 773791300 604847100
591119200 785248400 610163800
596049700 783787300 613909600
601105100 791806600 615358400
608291700 790666500 615983700
605409000 798325400 618573100
605380200 796612100 615820300
605326100 800608200 621982200
611677800 807902600 621218500
614781700 803575400 623943600
613775600 812639300 631191000
616809200 818096400 628925800
619173300 888395700 629359800
622859400 823092500 643973800
624859600 816739700 639666400
627402300 824816500 641735900
625820500 827513000 639090400
628276900 829551400 641607000
631549700 841780800 643499000
631738200 844523500 645872600
634726900 858111100 650998900
636915500 849387100 650729400
641198000 841296900 653235000
642038100 854268800 659148300
647109100 851647900 659380200
646094100 852486600 667381600
648638000 847131000 656906900
651898000 851888700 666848500
655245900 865546500 667713400
659004300 867455100 672046400
661253900 864743200 678733300
667952000 865197700 678879100
666027400 878119500 674765300
664359000 891260800 677882300
671566800 896784900 679958100
670792200 870083200 684310900
676528000 879472700 685741200
680139900 889996300 686445800
677350600 889206200 694064800
679650100 899310900 691152000
679247100 898661600 702668100
683820900 916762500 701382800
687202000 910551400 702259900
693536000 903205400 702266400
695343100 904608100 703168100
693612200 904561400 713615000
696446800 937784600 708818100
700138900 928097600 712155500
703469400 932513800 715505400
707734000 940948800 717880300
708548000 924953000 724576200
709199200 944009100 733435000
711641900 943735900 731636700
714329400 939917300 728799600
720384500 943898300 733015100
727150500 968846600 743696600
725993700 954473500 732748400
726581100 954901300 742138500
726533500 961989200 744497500
729561200 966509200 748776800
733609100 963061200 745612900
739860300 968372500 756667700
738172100 989850100 752851500
742078100 1000381700 748007900
746379700 984652600 756368400
747769900 972667900 762200600
745860700 974447800 758108700
751891300 995246200 767111300
752343700 985372200 766341500
752345200 995861700 774940700
760101100 1009153700 774359000
758503400 1017892900 774988800
768098600 1016492000 792730100
762006500 1001342100 786635500
769912200 1005411500 779713600
770044400 1016438800 790235500
777661900 1021970600 790541400
773450600 1032586900 789596100
777095100 1047736900 794382500
782370900 1017267800 791067700
784454800 1022045600 795581100
785819100 1049731800 795265400
783674000 1049434000 800669900
793004700 1036030000 806321500
789285000 1044816600 804118700
791559600 1064534800 807449200
798450000 1059951900 810353700
797451400 1065516900 812938300
797288600 1046751000 817523900
810892600 1070518100 822621500
806016600 1075807700 820463900
811561700 1087988200 829522300
816284800 1052935800 829038200
815057200 1077616000 827887200
813275700 1075410400 834991500
826765500 1071764700 844820700
822849600 1089116200 837553100
827422000 1121106200 846371100
828486400 1095046700 843106800
833625500 1113544100 852064500
834025300 1096927300 851816700
839237700 1108842900 850410000
839177800 1118988700 852599700
843200000 1115726300 863958100
846552100 1120940700 855067500
846258100 1123935700 862772600
846414300 1128496600 866429900
854586200 1160785500 868261700
856496300 1149108700 869543400
858544100 1155602800 876619200
858780900 1148507900 876062000
867025300 1145531100 882410400
871043400 1146240300 882639300
871114900 1147910500 883899600
868753500 1157738100 893147400
872411300 1160256000 890588400
875915400 1171262100 892549400
876486000 1172195600 895541500
881274200 1172025000 897450500
880718600 1179532800 903060600
885871300 1156996200 903848300
890566700 1185537700 913809500
893051700 1234204000 909434000
900020000 1190163900 919519600
912652000 1184501300 915491600
902146000 1187342200 926667700
904008200 1200354000 998025100
930197400 1193950500 927296100
911225600 1208449700 923460700
914593200 1223645700 933086800
915769600 1251485900 940718400
921970700 1210730500 932394700
920571600 1231828800 943674200
925082100 1201841500 933457300
926230400 1239652900 944264800
925471800 1232253700 943554800
931404000 1252308700 952148000
934014100 1236238500 954307500
940647800 1268300900 954939400
936444300 1248932100 956073300
945144300 1254602400 957543500
942803900 1297356400 963627300
941885900 1262196400 961450900
953153200 1263833100 972017000
955437800 1268904900 970492000
957949100 1267994300 984612000
959638400 1292772500 988252100
970137900 1279285200 985150200
968255700 1272984000 995567200
961927900 1286367500 995763800
966339600 1327353600 994524700
973966200 1296393300 1000660700
976011400 1292259900 996769100
989960500 1318350600 994014600
983551700 1288708700 1008019400
981829600 1293361900 1004525700
988678000 1292615800 1008045900
981479800 1320409400 1007447700
999712300 1326779200 1017187500
997342800 1342585900 1016778300
993575800 1332201700 1017799600
1001477000 1351234000 1014635800
1006424800 1335854800 1022921100
1008524200 1353488200 1025099300
1009817800 1332321900 1031346500
1012800800 1319868800 1037261000
1017498000 1355780300 1036057700
1022432900 1347031400 1036955400
1021605300 1365653800 1043618900
1023447900 1373647200 1053947200
1030510200 1397606900 1050060700
1034434400 1413726700 1065246600
1035026000 1504835400 1054606600
1030986500 1383829300 1063007300
1038008300 1382893100 1054231700
1052209900 1413233900 1067990400
1052775700 1390054900 1070601000
1053100300 1408038400 1067731900
1053729400 1393444800 1071409900
1060042600 1390189200 1072259100
1054860400 1400484100 1081998500
1069045200 1452619700 1081786600
1060002900 1431342800 1084575400
1060584200 1422578100 1081522300
1071683800 1445650500 1085066600
1069303400 1451511400 1095663300
1079080200 1520533400 1101991600
1070869500 1454289800 1102814600
1080730000 1462847700 1101399800
1101646200 1636038700 1100052500
1090271600 1492450400 1106778400
1092150500 1454353800 1112869900
1086678300 1498720200 1118806300
1093586900 1463245900 1109802500
1105757700 1477109200 1120841900
1102421400 1490864200 1121738100
1101083100 1481326200 1127456000
1115121100 1487347500 1131652400
1106205300 1496295900 1133726700
1109256600 1506780100 1132706600
1117386700 1513156800 1133973000
1119255300 1488513900 1144046000
1131265500 1518559800 1156609800
1133543000 1525448500 1149729900
1127509600 1557473100 1148944600
1133376900 1532466900 1154132100
1132206700 1562096200 1158725700
1135437800 1527070100 1163502800
1143862500 1554208300 1163502600
1147439700 1546166100 1166067700
1146716200 1550439400 1169107400
1146106600 1588605900 1173924100
1157406800 1539175000 1177363300
1158000500 1621251000 1177826100
1165809300 1524313000 1185586300
1169190700 1582347100 1184498700
1161063800 1566483300 1199563600
1169624800 1572865400 1200463400
1186548700 1557726400 1200724800
1169527000 1558086200 1201590100
1175341800 1755791900 1205500700
1192387100 1562548800 1206589200
1192768500 1602843300 1212448900
1196405900 1599422000 1213091100
1188445800 1614906400 1227142400
1194940700 1597989500 1220920900
1197534100 1608079400 1227051300
1194132200 1591539600 1222224500
1202226400 1607138700 1229565900
1211615900 1623393900 1228035100
1207177200 1688823200 1233657200
1209193700 1640042600 1236754000
1211881700 1604565200 1254542200
1223434000 1660422500 1240257300
1224144600 1653077700 1242120800
1226696100 1654454400 1245715000
1224992000 1650725600 1248678500
1233402400 1656179800 1256114000
1235037500 1685524500 1257161600
1235434300 1695989100 1263995600
1242157100 1677097700 1267551800
1244417900 1642237900 1266152200
1238733400 1717958100 1268270900
1245024800 1681356500 1288750700
1253421800 1730793200 1279886900
1250124500 1697713500 1281974500
1255451100 1690089600 1295969900
1272886200 1729643100 1286097700
1271593900 1708345800 1291072400
1269656200 1706218200 1294653700
1266755300 1703673700 1294450900
1291900600 1716790400 1305055600
1270754900 1744560100 1302627500
1281611600 1727478600 1312194200
1285324400 1744471100 1317136900
1302427400 1749265700 1306507700
1287677700 1799447600 1318418900
1292735900 1774409500 1330201900
1292830200 1742673000 1330380100
1298717600 1774968400 1330925200
1311692600 1827099900 1329015200
1312998200 1794429000 1334065400
1306339900 1810665200 1334665600
1325828800 1812347900 1340423400
1313631300 1772358200 1339258700
1328802600 1755236100 1352353100
1320115200 1767296000 1458027300
1327832600 1821327000 1360956400
1327745200 1849715000 1364429300
1338123200 1872039700 1355536000
1335086700 1774335000 1375392900
1339760600 1833390500 1359799500
1348995600 1825801100 1374245500
1354709700 1814229100 1382687900
1352742300 1879697100 1380263600
1350749100 1819743300 1386655100
1359467300 1814045300 1377755100
1357384000 1799538100 1385408800
1357113600 1833896200 1386629000
1362893300 1825824600 1390529900
1374991100 1852742500 1398683200
1385755100 1848143400 1404511500
1379940600 1868684500 1421142000
1391175700 1833549500 1407642600
1381183000 1881735300 1410513600
1383003500 1865460900 1416244300
1394938600 1966245700 1425681300
1404639500 1896560800 1424036000
1400110400 1936999200 1446511900
1405765900 2123522100 1425595000
1400222500 1897729900 1433870700
1408449000 1928081800 1436628000
1411377600 1870996300 1440922900
1421090900 1919135900 1446296600
1425593500 1951030900 1449123800
1435045000 1910235300 1457944900
1433911800 1946699400 1458628700
1435673500 1960717100 1462134300
1430668200 1980497200 1472004800
1453178600 1947517400 1462634700
1444561700 1944846700 1470251600
1447026500 2025544000 1475860800
1444056300 1950942100 1486917200
1452303300 2015914700 1477748000
1442714300 1956388000 1483892600
1461397600 2004297700 1483265500
1455180200 1999189700 1496175900
1467469200 2101923100 1498873900
1463348400 1996014000 1496988100
1470826800 2177516900 1502868100
1477576800 2333735400 1510786900
1481446000 2005728300 1514194200
1491870800 2040444100 1506426200
1485681600 2054263100 1511785000
1498091800 2046284300 1514927800
1496521300 2081093800 1517940400
1490223200 2048405400 1525353500
1502281100 2093218800 1523168700
1495151800 2063072800 1541224300
1503158800 2027665700 1532795600
1518051800 2046248400 1551335200
1513769600 2243092000 1551704100
1522887700 2046312700 1541859600
1518813200 2056805000 1547372900
1527214800 2048898100 1552569800
1531482300 2061411700 1561293200
1532764400 2232298200 1557929400
1538331900 2081288200 1568226000
1537889100 2058362300 1560612400
1541774300 2093739700 1590771300
1553552600 2163629100 1573480300
1544756500 2150872900 1581597000
1549098800 2281889700 1585456200
1555352900 2158295800 1591464500
1566354000 2193080700 1598670700
1574689600 2102700600 1601324800
1577825500 2105112200 1602459600
1569167400 2202956800 1607698500
1570448400 2152293700 1603105700
1575043100 2174950300 1607724700
1585082700 2250440800 1619460000
1579477900 2173320400 1620441900
1586333700 2122972600 1655294100
1590025400 2222235800 1628282500
1593790000 2311224300 1632250400
1601916100 2217391400 1631890600
1605279500 2234366600 1636509100
1599417500 2171369600 1633060400
1612946000 2170638500 1649996900
1627428100 2322572800 1648287600
1610460700 2323068600 1644338900
1626943300 2259279400 1647636800
1624429600 2208339000 1656011500
1633303900 2157167100 1662368500
1625728800 2246319000 1668007200
1640671400 2208975400 1673800600
1644841900 2274397100 1686768500
1649902300 2382281900 1672980000
1648117300 2506665700 1682631700
1654217900 2307219800 1689968200
1656175000 2285365700 1691574100
1659170200 2379842500 1695814300
1659428300 2236880700 1693728300
1667107100 2240062000 1699820000
1671667900 2369435300 1701331100
1674205600 2273508300 1713840800
1680586400 2326513500 1715683100
1685371300 2369351700 1719609000
1686325600 2278552500 1727005800
1680729000 2419161900 1719997300
1686333500 2311799400 1729400200
1692419400 2389506300 1721773100
1699355800 2299926200 1737064900
1699929800 2426163400 1737093600
1707125600 2302488300 1743027600
1710922700 2301300800 1741470600
1711754300 3066127600 1743113100
1719352500 2371426900 1762156600
1725563400 2324629500 1753127900
1736683200 2437602500 1758660400
1726777900 2355039200 1769058600
1735053900 2371560800 1767138100
1740770400 2456897400 1762058200
1746131600 2386399500 1780207900
1738382400 2515555500 1782706300
1751078600 2365329400 1784315700
1749912800 2365995700 1783270700
1764398600 2420697400 1788324800
1771603000 2425445000 1793178200
1770105900 2409087000 1801343000
1763803400 2507060300 1809079600
1780489000 2428960400 1817066400
1774208900 2592780500 1813095100
1786447700 2440916500 1819620300
1786474300 2496845800 1828126400
1798481300 2542090400 1822876700
1787114900 2630230400 1820671600
1790045200 2530951600 1820789500
1811862500 2485401600 1842213100
1811082200 2595775500 1871598200
1816404400 2421103800 1841228900
1808561600 2441919100 1846285900
1818801300 2584645100 1847444300
1819795100 2622460200 1865389800
1828692800 2502647900 1850024100
1825350500 2476494000 1853698200
1831807500 2624644600 1863258600
1824309600 2513537600 1877711600
1835723000 2784308400 1866949500
1836597300 2525407900 1879139800
1843292000 2500726700 1877563200
1847658100 2582899300 1880945900
1842307200 2475647300 1887636000
1856685100 2932545800 1890434100
1864037800 2482651800 1906062100
1869073200 2536685700 1895031900
1868843600 2492792500 1909872000
1870282000 2535048700 1904089600
1879102600 2568087000 1930980700
1884357500 2566423800 1915170500
1882586400 2530428000 1919593600
1894717900 2673489300 1933701600
1893993600 2601017000 1936114300
1895162300 2621490600 1931818100
1900836800 2543642400 1934314900
1914811000 2649482300 1949857000
1915361900 2847855000 1951668400
1906547900 2626263000 1966535200
1934168000 2829307300 1963311600
1923219900 2619503600 1957647200
1937329100 2676807600 1956629700
1920899100 2568763500 1967197400
1932218600 3118021900 1982440600
1939812800 2648690600 1981752700
1935088700 2685767900 1975102900
1942261800 2614982600 1984304600
1940235200 2706580300 1973843700
1960195900 2684571700 1987243800
1953588900 2667162800 1986724000
1950532100 2837677800 2007176500
1958323000 2717022000 2007065200
1967954500 2922672300 2011262400
1967390500 2706062700 2015810200
1977435200 2690014500 2011352400
1978183300 2663580700 2026304100
1985517800 2700354400 2018955000
1977615400 2751211600 2031369600
1989110100 2724535000 2035372600
1994377700 3105371400 2051902500
2009725700 2734329300 2042138400
2008075500 2858616100 2046490000
2023847200 2747699200 2045661500
2022881500 2744650200 2047413000
2005376900 3128114900 2054268800
2015896300 3104880200 2075350400
2025474300 2826974500 2116996300
2035357300 3204947400 2075387100
2038388800 2850152500 2073814000
2034531800 3012914800 2063728300
2046798500 2789950100 2083394700
2043145600 2891150900 2087523800
2047407900 2903817200 2096548600
2061594900 2925098400 2088949800
2054373600 3333249000 2095769400
2066671700 3460219800 2107556000
2077458300 2890999700 2140656900
2072607600 2946824000 2110039600
2068072100 3337986200 2114128800
2086750600 2980058300 2120143700
2079734200 2960404900 2131035800
2084248000 2805956800 2139888700
2107206600 2901331500 2137256400
2097477400 3341733900 2142365900
2099319700 2902017500 2152068200
2100265300 2867813900 2150484900
2098950700 3011485400 2168825100
2124176400 2933787200 2150820300
2113190600 3105390600 2162370700
2121512700 3324844900 2166134100
2130247700 3558383100 2173152400
2142749800 2933861500 2168090400
2129849900 3024803400 2174608700
2144879000 2981009700 2186158900
2137943700 2981292800 2191588600
2143471000 3243713100 2190484600
2147001800 2994566800 2193416200
2150946500 3324346700 2185252000
2163961300 2943512600 2195994000
2163185100 3056106700 2207522100
2169329300 3062647400 2208914900
2174989300 3008526900 2215151500
2177991100 3194479500 2224490700
2179416400 3011059000 2215842900
2192882900 3026321300 2215878700
2188065700 3908510600 2233835600
2195671400 3108048100 2231684600
2201603500 3044495100 2240175600
2199846400 3623421600 2242126100
2212116800 3017351900 2260465500
2219836600 3080378000 2255872500
2212953800 3037693700 2264542200
2215792400 3139980300 2262536200
2229380100 3076069200 2262856200
2235536200 3015992500 2273197200
2228614200 3641830900 2276237500
2229797900 3189891900 2282469600
2235232900 3582938400 2288004600
2239965600 3207438900 2290449200
2245349600 3158361700 2310645400
2253322300 3279792800 2299703300
2265604900 3119326500 2305405500
2252694900 3204586800 2302810600
2263506700 3129966100 2310740100
2263669000 3290189400 2316805200
2271102500 3619436700 2318625400
2273368100 3150977400 2322929400
2278892000 3597860200 2335137800
2283661500 3320034300 2335183500
2291300700 3190570000 2335544800
2289738100 3776758500 2339578500
2298766400 3245587000 2350381200
2311938800 3319726000 2344196900
2307030200 3417926700 2359034900
2321734700 3581670800 2363199600
2324728300 3305590900 2361416900
2318651200 3267471300 2366768700
2323199800 3715558400 2381438600
2331419900 3317960100 2374006700
2328756000 3910241300 2373319000
2341839600 3223711800 2397377800
2340997100 3737529100 2394669000
2342584700 3330384900 2393796700
2354459600 4082119800 2397367800
2351123900 3380658000 2410566000
2355201100 3728244900 2396137500
2361224500 3263013100 2414641300
2371899600 3516257900 2418509900
2386039800 3305800600 2419740300
2378222300 3461503500 2430173300
2372188400 3396275200 2432438300
2390990700 3339114000 2422345300
2390983800 3374024900 2428248700
2392308600 3905527100 2444073700
2400811400 3355287400 2466599200
2405905200 4691060400 2463222100
2408722500 3420752000 2454619700
2419723000 3503213000 2465025300
2413426300 3952603800 2471261000
2425781900 3510994500 2480491300
2426038200 3475544300 2469652400
2429091200 3859529700 2486672300
2433483200 3456336300 2486629800
2444322900 4002916600 2509604300
2453838500 3816509200 2497053600
2447361200 3502359600 2502594700
2471570200 3531833000 2502087300
2458283400 4537866800 2507051900
2458167300 3581205000 2510734600
2449293000 3505191600 2518027400
2473258300 3659256300 2524285000
2479447000 3532155800 2521028400
2475615400 4136177700 2530032400
2484332600 3571862100 2534831000
2480062200 3949391200 2539519600
2493090700 3643981200 2533362000
2483751900 3720748400 2547888900
2505842700 3722812000 2551532100
2501927900 3518530300 2550815100
2510292900 3944935400 2574017700
2522279800 3628753200 2558943100
2516197600 4408563400 2588349800
2541334800 3769006100 2576677300
2530299900 3897856200 2569044400
2539340300 3800840100 2584634000
2546021700 3824709100 2600611300
2533810600 4345725700 2611349300
2543831700 4663939000 2600695300
2562978100 4577866900 2612604500
2561143500 3916594200 2614941100
2576305400 3790277900 2621575700
2567455700 4678664300 2644997700
2572828000 4019244800 2622217200
2578985600 3943325300 2630064100
2593726400 4634168200 2656038300
2583788000 4389589900 2642568600
2601842600 3989346600 2648316300
2595951500 4647432300 2658686500
2607101200 4358279500 2658393200
2603997700 4087145500 2645891600
2620309300 4554614400 2663408800
2620309100 4208308600 2679248300
2623725900 5401172700 2677794800
2631954800 4524199500 2675050200
2623031000 4022447500 2678761600
2633623600 3959181500 2679841000
2636715500 4077181300 2698292300
2645062300 4385398400 2688636200
2668556900 5147509300 2690188000
2639063400 5244510900 2715229800
2667524100 4787301300 2710668600
2662019900 4295714700 2708554900
2662358800 4685987800 2718552700
2669727000 4616034700 2739962300
2669004400 4262649200 2727885000
2676297900 5311350100 2738760600
2695011500 4419406700 2731482600
2699165000 4356168700 2753068700
2709890400 4229568600 2738140600
2702771800 4368539200 2769891300
2710492300 4134442000 2759937900
2707092800 4618399100 2764681900
2711178700 4356501500 2767400800
2703011500 4777599500 2775516600
2724685200 5142185000 2778355700
2716862000 4685348300 2769265300
